0 0.46835443037974683 0.06351550960118169 0.5 0.06646971935007386 0.5126582278481012 0.06942392909896603 0.5189873417721519 0.0723781388478582 0.5189873417721519 0.07976366322008863 0.5063291139240507 0.08567208271787297 0.4620253164556962 0.09010339734121123 0.4177215189873418 0.08862629246676514 0.3860759493670886 0.07976366322008863 0.3860759493670886 0.07533234859675036 0.4050632911392405 0.06794682422451995 0.4240506329113924 0.06499261447562776 0.4620253164556962 0.06351550960118169
0 0.7721518987341772 0.5007385524372231 0.8037974683544303 0.5036927621861153 0.8291139240506329 0.5081240768094535 0.8354430379746836 0.5110782865583456 0.8354430379746836 0.518463810930576 0.8291139240506329 0.5214180206794683 0.8164556962025317 0.5243722304283605 0.7721518987341772 0.5288035450516987 0.7468354430379747 0.5288035450516987 0.7151898734177216 0.5228951255539144 0.7151898734177216 0.5096011816838996 0.7215189873417721 0.5066469719350074 0.7341772151898734 0.5036927621861153 0.7658227848101266 0.5007385524372231
0 0.620253164556962 0.20827178729689808 0.6645569620253164 0.21270310192023634 0.6835443037974683 0.21861152141802068 0.6835443037974683 0.22895125553914328 0.6772151898734177 0.23190546528803546 0.6645569620253164 0.23485967503692762 0.6265822784810127 0.2378138847858198 0.5822784810126582 0.23485967503692762 0.5632911392405063 0.2259970457902511 0.5759493670886076 0.21270310192023634 0.5886075949367089 0.20974889217134415 0.6139240506329114 0.20827178729689808
0 0.629746835443038 0.9534711964549483 0.14556962025316456 0.025110782865583457
0 0.6582278481012658 0.28508124076809455 0.6835443037974683 0.29246676514032494 0.6835443037974683 0.30132939438700146 0.6582278481012658 0.3087149187592319 0.6392405063291139 0.310192023633678 0.5949367088607594 0.310192023633678 0.5759493670886076 0.3072378138847858 0.5632911392405063 0.29394387001477107 0.569620253164557 0.2895125553914328 0.6012658227848101 0.28360413589364847 0.6455696202531646 0.28360413589364847 0.6518987341772152 0.28508124076809455
0 0.6455696202531646 0.6115214180206795 0.6645569620253164 0.6144756277695717 0.6772151898734177 0.6189069423929099 0.6772151898734177 0.6292466765140325 0.6645569620253164 0.6336779911373708 0.6139240506329114 0.638109305760709 0.5949367088607594 0.638109305760709 0.569620253164557 0.6336779911373708 0.5569620253164557 0.6233382570162481 0.5632911392405063 0.6189069423929099 0.5886075949367089 0.6129985228951256 0.6392405063291139 0.6115214180206795
0 0.6265822784810127 0.6838995568685377 0.6455696202531646 0.6853766617429837 0.6772151898734177 0.6942392909896603 0.6772151898734177 0.7016248153618907 0.6708860759493671 0.7045790251107829 0.6392405063291139 0.7090103397341211 0.6012658227848101 0.7090103397341211 0.5886075949367089 0.707533234859675 0.5632911392405063 0.7001477104874446 0.569620253164557 0.689807976366322 0.5886075949367089 0.6853766617429837 0.620253164556962 0.6838995568685377
0 0.7848101265822784 0.794682422451994 0.8227848101265823 0.7991137370753324 0.8354430379746836 0.8064992614475628 0.8291139240506329 0.8079763663220089 0.8291139240506329 0.8124076809453471 0.8037974683544303 0.8183161004431314 0.7848101265822784 0.8197932053175776 0.7341772151898734 0.8197932053175776 0.7215189873417721 0.8183161004431314 0.7088607594936709 0.8138847858197932 0.7088607594936709 0.8020679468242246 0.7151898734177216 0.7991137370753324 0.7468354430379747 0.794682422451994 0.7784810126582279 0.794682422451994
0 0.4936708860759494 0.17429837518463812 0.5126582278481012 0.17725258493353027 0.5189873417721519 0.18020679468242246 0.5253164556962026 0.19054652880354506 0.4873417721518987 0.20088626292466766 0.46835443037974683 0.20236336779911374 0.43670886075949367 0.20088626292466766 0.4050632911392405 0.1935007385524372 0.3987341772151899 0.19054652880354506 0.3987341772151899 0.18168389955686853 0.4050632911392405 0.17872968980797638 0.43037974683544306 0.17429837518463812 0.44936708860759494 0.17429837518463812 0.45569620253164556 0.172821270310192 0.46835443037974683 0.17429837518463812 0.4810126582278481 0.172821270310192 0.4873417721518987 0.17429837518463812
0 0.8037974683544303 0.46824224519940916 0.8291139240506329 0.4726735598227474 0.8354430379746836 0.48005908419497784 0.8164556962025317 0.4874446085672083 0.7784810126582279 0.49039881831610044 0.740506329113924 0.48892171344165436 0.7151898734177216 0.48301329394387 0.7151898734177216 0.4756277695716396 0.7278481012658228 0.46971935007385524 0.7468354430379747 0.4667651403249631 0.7911392405063291 0.4667651403249631 0.7974683544303798 0.46824224519940916
0 0.3037974683544304 0.35450516986706054 0.33544303797468356 0.35745937961595275 0.34810126582278483 0.3604135893648449 0.35443037974683544 0.3722304283604136 0.33544303797468356 0.37813884785819796 0.2911392405063291 0.3810930576070901 0.25949367088607594 0.37813884785819796 0.2468354430379747 0.37518463810930575 0.24050632911392406 0.3722304283604136 0.24050632911392406 0.36484490398818314 0.2721518987341772 0.3559822747415066 0.2974683544303797 0.35450516986706054
0 0.3227848101265823 0.39438700147710487 0.33544303797468356 0.39586410635155095 0.35443037974683544 0.4017725258493353 0.35443037974683544 0.4121122599704579 0.34177215189873417 0.41654357459379615 0.2848101265822785 0.42097488921713444 0.25949367088607594 0.4194977843426883 0.23417721518987342 0.413589364844904 0.22784810126582278 0.41063515509601184 0.22784810126582278 0.4017725258493353 0.23417721518987342 0.3988183161004431 0.25949367088607594 0.39438700147710487 0.27848101265822783 0.3929098966026588 0.310126582278481 0.3929098966026588 0.31645569620253167 0.39438700147710487
0 0.3227848101265823 0.10044313146233383 0.34177215189873417 0.103397341211226 0.35443037974683544 0.10930576070901034 0.35443037974683544 0.11669128508124077 0.34177215189873417 0.12259970457902511 0.310126582278481 0.12703101920236337 0.2911392405063291 0.12703101920236337 0.26582278481012656 0.1240768094534712 0.2468354430379747 0.11964549483013294 0.24050632911392406 0.10930576070901034 0.26582278481012656 0.1019202363367799 0.2911392405063291 0.09896602658788774 0.310126582278481 0.09896602658788774 0.31645569620253167 0.10044313146233383
0 0.47468354430379744 0.5760709010339734 0.5 0.5790251107828656 0.5126582278481012 0.5849335302806499 0.5126582278481012 0.5923190546528804 0.5063291139240507 0.5952732644017725 0.47468354430379744 0.5997045790251108 0.43670886075949367 0.5997045790251108 0.4240506329113924 0.5982274741506647 0.4050632911392405 0.5908419497784343 0.4050632911392405 0.5849335302806499 0.4177215189873418 0.5805022156573116 0.44936708860759494 0.5760709010339734 0.46835443037974683 0.5760709010339734
0 0.4936708860759494 0.2466765140324963 0.5126582278481012 0.25258493353028066 0.5126582278481012 0.26440177252584934 0.4936708860759494 0.2688330871491876 0.46835443037974683 0.2717872968980798 0.43670886075949367 0.27031019202363366 0.4050632911392405 0.26292466765140327 0.4050632911392405 0.2555391432791728 0.41139240506329117 0.25258493353028066 0.4430379746835443 0.2466765140324963 0.4873417721518987 0.2466765140324963
0 0.29430379746835444 0.6632200886262924 0.12025316455696203 0.029542097488921712
0 0.3987341772151899 0.7784342688330872 0.3924050632911392 0.7754800590841949 0.3987341772151899 0.7651403249630724 0.4177215189873418 0.7592319054652881 0.43670886075949367 0.757754800590842 0.5 0.7592319054652881 0.5189873417721519 0.7651403249630724 0.5253164556962026 0.7754800590841949 0.5063291139240507 0.7799113737075333 0.45569620253164556 0.7843426883308715 0.43037974683544306 0.7828655834564254 0.4050632911392405 0.7784342688330872
0 0.810126582278481 0.13737075332348597 0.8417721518987342 0.1432791728212703 0.8417721518987342 0.14918759231905465 0.8354430379746836 0.15066469719350073 0.8354430379746836 0.155096011816839 0.810126582278481 0.16100443131462333 0.7911392405063291 0.16248153618906944 0.7531645569620253 0.16248153618906944 0.7215189873417721 0.15952732644017725 0.7088607594936709 0.15066469719350073 0.7215189873417721 0.1432791728212703 0.7341772151898734 0.14032496307237813 0.759493670886076 0.13737075332348597 0.8037974683544303 0.13737075332348597
0 0.7974683544303798 0.7223042836041359 0.8354430379746836 0.7296898079763663 0.8354430379746836 0.7385524372230429 0.7974683544303798 0.7459379615952733 0.7468354430379747 0.7459379615952733 0.7088607594936709 0.740029542097489 0.7088607594936709 0.7311669128508124 0.7278481012658228 0.723781388478582 0.7531645569620253 0.7208271787296898 0.7848101265822784 0.7208271787296898 0.7911392405063291 0.7223042836041359
0 0.810126582278481 0.5391432791728212 0.8291139240506329 0.5435745937961596 0.8354430379746836 0.5480059084194978 0.8291139240506329 0.5568685376661743 0.8164556962025317 0.5598227474150664 0.7531645569620253 0.5642540620384048 0.7151898734177216 0.5583456425406204 0.7088607594936709 0.5494830132939439 0.7151898734177216 0.5465288035450517 0.7468354430379747 0.5406203840472673 0.8037974683544303 0.5391432791728212
0 0.6392405063291139 0.9054652880354506 0.6708860759493671 0.9098966026587888 0.6772151898734177 0.912850812407681 0.6772151898734177 0.9202363367799113 0.6708860759493671 0.9231905465288035 0.6392405063291139 0.9290989660265879 0.6012658227848101 0.9290989660265879 0.5886075949367089 0.9276218611521418 0.5632911392405063 0.9202363367799113 0.5632911392405063 0.9113737075332349 0.5886075949367089 0.9054652880354506 0.6075949367088608 0.9039881831610044 0.6265822784810127 0.9039881831610044 0.6329113924050633 0.9054652880354506
0 0.7974683544303798 0.3205317577548006 0.8291139240506329 0.3249630723781389 0.8354430379746836 0.32791728212703103 0.8354430379746836 0.3353028064992615 0.8164556962025317 0.3412112259970458 0.7784810126582279 0.345642540620384 0.7278481012658228 0.345642540620384 0.7088607594936709 0.3412112259970458 0.7088607594936709 0.33677991137370755 0.7025316455696202 0.3353028064992615 0.7088607594936709 0.33382570162481534 0.7088607594936709 0.32791728212703103 0.7341772151898734 0.32200886262924666 0.7468354430379747 0.3205317577548006 0.7911392405063291 0.3205317577548006
0 0.8037974683544303 0.8330871491875923 0.8227848101265823 0.8419497784342689 0.8227848101265823 0.8478581979320532 0.7974683544303798 0.8552437223042836 0.759493670886076 0.8552437223042836 0.7531645569620253 0.8567208271787297 0.7151898734177216 0.8522895125553914 0.7025316455696202 0.844903988183161 0.7088607594936709 0.843426883308715 0.7088607594936709 0.8389955686853766 0.7215189873417721 0.8345642540620384 0.7468354430379747 0.8316100443131462 0.7911392405063291 0.8316100443131462 0.7974683544303798 0.8330871491875923
0 0.6518987341772152 0.43131462333825704 0.6708860759493671 0.4401772525849335 0.6708860759493671 0.44756277695716395 0.6645569620253164 0.4505169867060561 0.6329113924050633 0.4564254062038405 0.5949367088607594 0.4564254062038405 0.5759493670886076 0.4534711964549483 0.5632911392405063 0.44756277695716395 0.5632911392405063 0.43870014771048743 0.5886075949367089 0.43131462333825704 0.6075949367088608 0.4298375184638109 0.6455696202531646 0.43131462333825704
0 0.47468354430379744 0.8641063515509602 0.5063291139240507 0.8700147710487445 0.5126582278481012 0.8744460856720827 0.5126582278481012 0.8892171344165436 0.4936708860759494 0.8921713441654358 0.44936708860759494 0.8936484490398818 0.43037974683544306 0.8921713441654358 0.4050632911392405 0.8862629246676514 0.3987341772151899 0.8744460856720827 0.4240506329113924 0.8685376661742984 0.46835443037974683 0.8655834564254062