0 0.3712574850299401 0.938953488372093 0.38323353293413176 0.9433139534883721 0.38323353293413176 0.9549418604651163 0.3592814371257485 0.9622093023255814 0.33532934131736525 0.9622093023255814 0.32934131736526945 0.9636627906976745 0.2934131736526946 0.9636627906976745 0.281437125748503 0.9622093023255814 0.2694610778443114 0.9593023255813954 0.2694610778443114 0.9491279069767442 0.2994011976047904 0.940406976744186 0.3413173652694611 0.9375 0.3592814371257485 0.9375 0.3652694610778443 0.938953488372093
0 0.6347305389221557 0.5784883720930233 0.6407185628742516 0.5799418604651163 0.6706586826347305 0.5799418604651163 0.6826347305389222 0.5828488372093024 0.688622754491018 0.5857558139534884 0.688622754491018 0.5988372093023255 0.6526946107784432 0.6031976744186046 0.6167664670658682 0.6031976744186046 0.5868263473053892 0.5988372093023255 0.5748502994011976 0.5915697674418605 0.5808383233532934 0.5857558139534884 0.5988023952095808 0.5813953488372093 0.6287425149700598 0.5799418604651163
0 0.6526946107784432 0.7965116279069767 0.6826347305389222 0.8037790697674418 0.6826347305389222 0.813953488372093 0.6526946107784432 0.8197674418604651 0.6047904191616766 0.8197674418604651 0.5748502994011976 0.8125 0.5748502994011976 0.8052325581395349 0.592814371257485 0.7979651162790697 0.6047904191616766 0.7965116279069767 0.6467065868263473 0.7965116279069767
0 0.6347305389221557 0.14825581395348839 0.6706586826347305 0.1511627906976744 0.688622754491018 0.1569767441860465 0.688622754491018 0.16424418604651161 0.6646706586826348 0.17005813953488372 0.6407185628742516 0.17296511627906977 0.6227544910179641 0.17296511627906977 0.592814371257485 0.1686046511627907 0.5808383233532934 0.1613372093023256 0.592814371257485 0.15261627906976744 0.6047904191616766 0.14970930232558138 0.6287425149700598 0.14825581395348839
0 0.3473053892215569 0.6511627906976745 0.3772455089820359 0.6569767441860465 0.3772455089820359 0.6671511627906976 0.3592814371257485 0.6729651162790697 0.32335329341317365 0.6758720930232558 0.31137724550898205 0.6758720930232558 0.2874251497005988 0.6715116279069767 0.281437125748503 0.6686046511627907 0.281437125748503 0.6584302325581395 0.2934131736526946 0.6540697674418605 0.32335329341317365 0.6511627906976745 0.3413173652694611 0.6511627906976745
0 0.6706586826347305 0.9040697674418605 0.688622754491018 0.9113372093023255 0.688622754491018 0.9215116279069767 0.6646706586826348 0.9287790697674418 0.6227544910179641 0.9316860465116279 0.5988023952095808 0.9302325581395349 0.5808383233532934 0.9244186046511628 0.5748502994011976 0.9200581395348837 0.5808383233532934 0.9098837209302325 0.5988023952095808 0.9055232558139535 0.6287425149700598 0.9026162790697675 0.6586826347305389 0.9026162790697675 0.6646706586826348 0.9040697674418605
0 0.5089820359281437 0.11337209302325581 0.5329341317365269 0.11773255813953488 0.5389221556886228 0.12790697674418605 0.5269461077844312 0.13226744186046513 0.49700598802395207 0.13662790697674418 0.4550898203592814 0.13662790697674418 0.437125748502994 0.13372093023255813 0.4251497005988024 0.12645348837209303 0.4251497005988024 0.12063953488372094 0.4311377245508982 0.11627906976744186 0.4491017964071856 0.11337209302325581 0.5029940119760479 0.11337209302325581
0 0.6526946107784432 0.0755813953488372 0.6766467065868264 0.07848837209302326 0.688622754491018 0.08575581395348837 0.688622754491018 0.09156976744186046 0.6646706586826348 0.09883720930232558 0.6467065868263473 0.1002906976744186 0.6047904191616766 0.09883720930232558 0.5868263473053892 0.09447674418604651 0.5868263473053892 0.09011627906976744 0.5808383233532934 0.08866279069767442 0.5868263473053892 0.08139534883720931 0.6047904191616766 0.07703488372093023 0.6467065868263473 0.0755813953488372
0 0.6347305389221557 0.627906976744186 0.11976047904191617 0.023255813953488372
0 0.8263473053892215 0.2936046511627907 0.844311377245509 0.29796511627906974 0.844311377245509 0.30377906976744184 0.8263473053892215 0.3125 0.8083832335329342 0.31540697674418605 0.7544910179640718 0.31540697674418605 0.7425149700598802 0.313953488372093 0.7305389221556886 0.30959302325581395 0.7305389221556886 0.29796511627906974 0.7604790419161677 0.2921511627906977 0.8143712574850299 0.2921511627906977 0.8203592814371258 0.2936046511627907
0 0.3413173652694611 0.3997093023255814 0.3772455089820359 0.40261627906976744 0.38922155688622756 0.4069767441860465 0.38323353293413176 0.4171511627906977 0.3532934131736527 0.42296511627906974 0.30538922155688625 0.42296511627906974 0.281437125748503 0.4171511627906977 0.281437125748503 0.4069767441860465 0.30538922155688625 0.4011627906976744 0.33532934131736525 0.3997093023255814
0 0.3712574850299401 0.2180232558139535 0.39520958083832336 0.22674418604651161 0.40119760479041916 0.23401162790697674 0.38922155688622756 0.24127906976744187 0.3652694610778443 0.2441860465116279 0.30538922155688625 0.2441860465116279 0.281437125748503 0.23837209302325582 0.281437125748503 0.22674418604651161 0.2874251497005988 0.2238372093023256 0.32934131736526945 0.21656976744186046 0.3592814371257485 0.21656976744186046 0.3652694610778443 0.2180232558139535
0 0.3473053892215569 0.686046511627907 0.3712574850299401 0.688953488372093 0.38922155688622756 0.6947674418604651 0.3772455089820359 0.7063953488372093 0.3473053892215569 0.7107558139534884 0.31137724550898205 0.7107558139534884 0.2754491017964072 0.7020348837209303 0.281437125748503 0.6933139534883721 0.30538922155688625 0.6875 0.32934131736526945 0.684593023255814 0.3413173652694611 0.686046511627907
0 0.6407185628742516 0.7587209302325582 0.6706586826347305 0.7616279069767442 0.688622754491018 0.7703488372093024 0.6826347305389222 0.7776162790697675 0.6407185628742516 0.7848837209302325 0.592814371257485 0.7834302325581395 0.5748502994011976 0.7790697674418605 0.5748502994011976 0.7659883720930233 0.5808383233532934 0.7630813953488372 0.5988023952095808 0.7601744186046512 0.6347305389221557 0.7587209302325582
0 0.3383233532934132 0.34156976744186046 0.11377245508982035 0.02616279069767442
0 0.6586826347305389 0.7238372093023255 0.6826347305389222 0.7296511627906976 0.688622754491018 0.7369186046511628 0.6826347305389222 0.7412790697674418 0.6646706586826348 0.7456395348837209 0.6347305389221557 0.748546511627907 0.5868263473053892 0.7456395348837209 0.5748502994011976 0.7412790697674418 0.5688622754491018 0.7340116279069767 0.5748502994011976 0.7296511627906976 0.5988023952095808 0.7238372093023255 0.6167664670658682 0.7223837209302325 0.6467065868263473 0.7223837209302325 0.6526946107784432 0.7238372093023255
0 0.47904191616766467 0.2558139534883721 0.5269461077844312 0.2601744186046512 0.5329341317365269 0.26308139534883723 0.5329341317365269 0.2688953488372093 0.5209580838323353 0.2747093023255814 0.48502994011976047 0.2805232558139535 0.4550898203592814 0.27906976744186046 0.4251497005988024 0.27180232558139533 0.4311377245508982 0.26308139534883723 0.4550898203592814 0.25726744186046513 0.47305389221556887 0.2558139534883721
0 0.5089820359281437 0.436046511627907 0.5269461077844312 0.4375 0.5449101796407185 0.44476744186046513 0.5449101796407185 0.45348837209302323 0.5209580838323353 0.46075581395348836 0.4431137724550898 0.46075581395348836 0.41916167664670656 0.45348837209302323 0.41916167664670656 0.4418604651162791 0.4311377245508982 0.438953488372093 0.46107784431137727 0.436046511627907 0.5029940119760479 0.436046511627907
0 0.32934131736526945 0.5436046511627907 0.33532934131736525 0.5450581395348837 0.3413173652694611 0.5436046511627907 0.3592814371257485 0.5436046511627907 0.3772455089820359 0.5494186046511628 0.3772455089820359 0.559593023255814 0.3413173652694611 0.5683139534883721 0.2994011976047904 0.5668604651162791 0.281437125748503 0.561046511627907 0.281437125748503 0.5552325581395349 0.2754491017964072 0.5537790697674418 0.2754491017964072 0.5508720930232558 0.2934131736526946 0.5450581395348837 0.32335329341317365 0.5436046511627907
0 0.8083832335329342 0.5101744186046512 0.8323353293413174 0.5159883720930233 0.8323353293413174 0.5247093023255814 0.8143712574850299 0.5290697674418605 0.8023952095808383 0.5290697674418605 0.7844311377245509 0.5319767441860465 0.7544910179640718 0.5305232558139535 0.7365269461077845 0.5276162790697675 0.7245508982035929 0.5203488372093024 0.7245508982035929 0.5145348837209303 0.7544910179640718 0.5087209302325582 0.7964071856287425 0.5087209302325582 0.8023952095808383 0.5101744186046512
0 0.7904191616766467 0.8299418604651163 0.8083832335329342 0.8313953488372093 0.8323353293413174 0.8386627906976745 0.8323353293413174 0.8473837209302325 0.8023952095808383 0.8546511627906976 0.7425149700598802 0.8546511627906976 0.718562874251497 0.8473837209302325 0.718562874251497 0.8386627906976745 0.7245508982035929 0.8357558139534884 0.7664670658682635 0.8299418604651163 0.7844311377245509 0.8299418604651163
0 0.8023952095808383 0.18459302325581395 0.8323353293413174 0.19040697674418605 0.844311377245509 0.19767441860465115 0.8323353293413174 0.20494186046511628 0.8023952095808383 0.20930232558139536 0.7425149700598802 0.20930232558139536 0.7245508982035929 0.20494186046511628 0.7305389221556886 0.19040697674418605 0.7544910179640718 0.18459302325581395 0.7964071856287425 0.18459302325581395
0 0.49101796407185627 0.3633720930232558 0.5149700598802395 0.36627906976744184 0.5329341317365269 0.37209302325581395 0.5269461077844312 0.3808139534883721 0.49101796407185627 0.38808139534883723 0.4550898203592814 0.38808139534883723 0.4251497005988024 0.37790697674418605 0.4311377245508982 0.3706395348837209 0.4550898203592814 0.3648255813953488 0.48502994011976047 0.3633720930232558
0 0.49700598802395207 0.8662790697674418 0.5269461077844312 0.8691860465116279 0.5389221556886228 0.872093023255814 0.5508982035928144 0.877906976744186 0.5508982035928144 0.8837209302325582 0.5329341317365269 0.8895348837209303 0.49101796407185627 0.8938953488372093 0.4491017964071856 0.8909883720930233 0.437125748502994 0.8880813953488372 0.4251497005988024 0.8808139534883721 0.4251497005988024 0.876453488372093 0.4431137724550898 0.8691860465116279 0.49101796407185627 0.8662790697674418
0 0.4820359281437126 0.48546511627906974 0.11377245508982035 0.02616279069767442