0 0.6754966887417219 0.14347826086956522 0.7019867549668874 0.15217391304347827 0.7019867549668874 0.15942028985507245 0.6821192052980133 0.16521739130434782 0.6622516556291391 0.16521739130434782 0.6357615894039735 0.1681159420289855 0.5960264900662252 0.16521739130434782 0.5761589403973509 0.1608695652173913 0.5761589403973509 0.15072463768115943 0.5827814569536424 0.14782608695652175 0.609271523178808 0.14347826086956522 0.6291390728476821 0.14202898550724638 0.6688741721854304 0.14347826086956522
0 0.6622516556291391 0.43043478260869567 0.6754966887417219 0.4318840579710145 0.7019867549668874 0.4391304347826087 0.7019867549668874 0.4449275362318841 0.695364238410596 0.44782608695652176 0.6490066225165563 0.45362318840579713 0.6158940397350994 0.45362318840579713 0.5761589403973509 0.4463768115942029 0.5761589403973509 0.43623188405797103 0.5960264900662252 0.43043478260869567 0.6158940397350994 0.4289855072463768 0.6490066225165563 0.4289855072463768 0.6556291390728477 0.43043478260869567
0 0.2980132450331126 0.8942028985507247 0.31788079470198677 0.8956521739130435 0.3509933774834437 0.9028985507246376 0.3509933774834437 0.9115942028985508 0.33774834437086093 0.9159420289855073 0.2847682119205298 0.9202898550724637 0.24503311258278146 0.9202898550724637 0.2185430463576159 0.9144927536231884 0.2185430463576159 0.9043478260869565 0.24503311258278146 0.8971014492753623 0.271523178807947 0.8942028985507247 0.2913907284768212 0.8942028985507247
0 0.6490066225165563 0.7869565217391304 0.6821192052980133 0.7913043478260869 0.695364238410596 0.8014492753623188 0.6754966887417219 0.808695652173913 0.6622516556291391 0.8101449275362319 0.6291390728476821 0.8101449275362319 0.609271523178808 0.8130434782608695 0.5960264900662252 0.8130434782608695 0.5695364238410596 0.8072463768115942 0.5629139072847682 0.8 0.5761589403973509 0.7927536231884058 0.5960264900662252 0.7884057971014493 0.609271523178808 0.7869565217391304 0.6423841059602649 0.7869565217391304
0 0.4900662251655629 0.21304347826086956 0.5099337748344371 0.21594202898550724 0.5231788079470199 0.22028985507246376 0.5298013245033113 0.22753623188405797 0.5165562913907285 0.23333333333333334 0.45695364238410596 0.2391304347826087 0.4105960264900662 0.2318840579710145 0.4105960264900662 0.22028985507246376 0.423841059602649 0.21594202898550724 0.4370860927152318 0.21594202898550724 0.4503311258278146 0.21304347826086956 0.48344370860927155 0.21304347826086956
0 0.6357615894039735 0.8202898550724638 0.6887417218543046 0.8289855072463768 0.7019867549668874 0.8376811594202899 0.6887417218543046 0.8449275362318841 0.6556291390728477 0.8492753623188406 0.6026490066225165 0.8492753623188406 0.5894039735099338 0.8478260869565217 0.5761589403973509 0.8449275362318841 0.5629139072847682 0.8376811594202899 0.5761589403973509 0.827536231884058 0.609271523178808 0.8202898550724638 0.6291390728476821 0.8202898550724638
0 0.4900662251655629 0.4623188405797101 0.5298013245033113 0.4681159420289855 0.5364238410596026 0.4782608695652174 0.5165562913907285 0.4855072463768116 0.48344370860927155 0.48840579710144927 0.4304635761589404 0.48695652173913045 0.40397350993377484 0.4797101449275362 0.4105960264900662 0.47101449275362317 0.4370860927152318 0.463768115942029 0.4503311258278146 0.4623188405797101 0.48344370860927155 0.4623188405797101
0 0.4966887417218543 0.5014492753623189 0.5231788079470199 0.508695652173913 0.5231788079470199 0.518840579710145 0.5099337748344371 0.5231884057971015 0.46357615894039733 0.527536231884058 0.4304635761589404 0.5246376811594203 0.4105960264900662 0.5202898550724637 0.40397350993377484 0.508695652173913 0.4304635761589404 0.5014492753623189 0.4900662251655629 0.5014492753623189
0 0.33112582781456956 0.25072463768115943 0.3509933774834437 0.2565217391304348 0.3509933774834437 0.26666666666666666 0.31788079470198677 0.27246376811594203 0.26490066225165565 0.27246376811594203 0.23841059602649006 0.26666666666666666 0.23178807947019867 0.2579710144927536 0.23841059602649006 0.25507246376811593 0.271523178807947 0.2492753623188406 0.32450331125827814 0.25072463768115943
0 0.31788079470198677 0.6434782608695652 0.3509933774834437 0.6492753623188405 0.3509933774834437 0.6594202898550725 0.32450331125827814 0.6652173913043479 0.304635761589404 0.6652173913043479 0.2980132450331126 0.6666666666666666 0.24503311258278146 0.6652173913043479 0.2251655629139073 0.6608695652173913 0.2185430463576159 0.6521739130434783 0.271523178807947 0.6420289855072464 0.304635761589404 0.6420289855072464 0.31125827814569534 0.6434782608695652
0 0.23841059602649006 0.6275362318840579 0.23178807947019867 0.6246376811594203 0.23178807947019867 0.6159420289855072 0.23841059602649006 0.6130434782608696 0.25165562913907286 0.6101449275362318 0.2913907284768212 0.6072463768115942 0.33112582781456956 0.6086956521739131 0.3509933774834437 0.6130434782608696 0.3509933774834437 0.6260869565217392 0.2980132450331126 0.6333333333333333 0.2781456953642384 0.6333333333333333 0.24503311258278146 0.6275362318840579
0 0.31788079470198677 0.6797101449275362 0.32450331125827814 0.6811594202898551 0.3509933774834437 0.6797101449275362 0.37748344370860926 0.6869565217391305 0.37748344370860926 0.6927536231884058 0.3509933774834437 0.6985507246376812 0.2980132450331126 0.7043478260869566 0.23178807947019867 0.7028985507246377 0.2185430463576159 0.7 0.2185430463576159 0.6884057971014492 0.2582781456953642 0.6811594202898551 0.31125827814569534 0.6797101449275362
0 0.4900662251655629 0.06956521739130435 0.5298013245033113 0.07681159420289856 0.5231788079470199 0.08695652173913043 0.5099337748344371 0.09130434782608696 0.4900662251655629 0.09420289855072464 0.44370860927152317 0.09420289855072464 0.4105960264900662 0.08840579710144927 0.4105960264900662 0.07681159420289856 0.423841059602649 0.07246376811594203 0.48344370860927155 0.06956521739130435
0 0.4735099337748344 0.3695652173913043 0.12582781456953643 0.02608695652173913
0 0.48344370860927155 0.7507246376811594 0.5231788079470199 0.755072463768116 0.5298013245033113 0.7623188405797101 0.5165562913907285 0.7695652173913043 0.47019867549668876 0.7753623188405797 0.4370860927152318 0.7753623188405797 0.423841059602649 0.7739130434782608 0.40397350993377484 0.7666666666666667 0.40397350993377484 0.7608695652173914 0.4105960264900662 0.7565217391304347 0.4304635761589404 0.7521739130434782 0.44370860927152317 0.7507246376811594 0.4768211920529801 0.7507246376811594
0 0.804635761589404 0.7282608695652174 0.1390728476821192 0.02753623188405797
0 0.23178807947019867 0.33768115942028987 0.24503311258278146 0.32753623188405795 0.26490066225165565 0.32318840579710145 0.2781456953642384 0.3217391304347826 0.33112582781456956 0.32318840579710145 0.3576158940397351 0.33043478260869563 0.3509933774834437 0.34057971014492755 0.33112582781456956 0.34492753623188405 0.271523178807947 0.3463768115942029 0.25165562913907286 0.34492753623188405 0.25165562913907286 0.34347826086956523 0.23841059602649006 0.34202898550724636 0.23841059602649006 0.3391304347826087
0 0.33112582781456956 0.18115942028985507 0.3509933774834437 0.1855072463768116 0.3509933774834437 0.19420289855072465 0.33774834437086093 0.19855072463768117 0.31125827814569534 0.20144927536231885 0.2980132450331126 0.20144927536231885 0.2847682119205298 0.19855072463768117 0.271523178807947 0.2 0.26490066225165565 0.19855072463768117 0.2582781456953642 0.2 0.23178807947019867 0.1927536231884058 0.2251655629139073 0.18695652173913044 0.23178807947019867 0.18405797101449275 0.26490066225165565 0.1782608695652174 0.31125827814569534 0.1782608695652174 0.32450331125827814 0.18115942028985507
0 0.45695364238410596 0.5318840579710145 0.5099337748344371 0.5391304347826087 0.5231788079470199 0.5434782608695652 0.5231788079470199 0.5521739130434783 0.5165562913907285 0.5550724637681159 0.5033112582781457 0.5579710144927537 0.4900662251655629 0.5579710144927537 0.47019867549668876 0.5608695652173913 0.4304635761589404 0.5608695652173913 0.41721854304635764 0.5579710144927537 0.40397350993377484 0.5449275362318841 0.41721854304635764 0.5376811594202898 0.4503311258278146 0.5333333333333333
0 0.5099337748344371 0.9333333333333333 0.5298013245033113 0.9376811594202898 0.5364238410596026 0.9420289855072463 0.5033112582781457 0.9521739130434783 0.47019867549668876 0.9550724637681159 0.40397350993377484 0.9536231884057971 0.3841059602649007 0.946376811594203 0.3841059602649007 0.9376811594202898 0.39072847682119205 0.9347826086956522 0.41721854304635764 0.9304347826086956 0.4966887417218543 0.9318840579710145 0.5033112582781457 0.9333333333333333
0 0.8145695364238411 0.3927536231884058 0.8344370860927153 0.39420289855072466 0.8609271523178808 0.4 0.8609271523178808 0.4072463768115942 0.8410596026490066 0.4144927536231884 0.8079470198675497 0.41739130434782606 0.7748344370860927 0.41739130434782606 0.7615894039735099 0.41594202898550725 0.7350993377483444 0.4072463768115942 0.7350993377483444 0.4 0.7549668874172185 0.39565217391304347 0.7748344370860927 0.3927536231884058 0.8079470198675497 0.3927536231884058
0 0.8145695364238411 0.8579710144927536 0.8543046357615894 0.8652173913043478 0.8609271523178808 0.8724637681159421 0.8543046357615894 0.8768115942028986 0.8344370860927153 0.881159420289855 0.8211920529801324 0.881159420289855 0.8013245033112583 0.8840579710144928 0.7748344370860927 0.8840579710144928 0.7417218543046358 0.8768115942028986 0.7350993377483444 0.8681159420289855 0.7615894039735099 0.8608695652173913 0.7880794701986755 0.8579710144927536 0.8079470198675497 0.8579710144927536
0 0.6821192052980133 0.10869565217391304 0.695364238410596 0.1144927536231884 0.695364238410596 0.1246376811594203 0.6754966887417219 0.13043478260869565 0.6158940397350994 0.13043478260869565 0.5761589403973509 0.12318840579710146 0.5761589403973509 0.1144927536231884 0.5894039735099338 0.11014492753623188 0.6291390728476821 0.10579710144927536 0.6490066225165563 0.10579710144927536 0.6754966887417219 0.10869565217391304
0 0.4900662251655629 0.5710144927536231 0.5231788079470199 0.5782608695652174 0.5298013245033113 0.5826086956521739 0.5231788079470199 0.5898550724637681 0.4966887417218543 0.5956521739130435 0.44370860927152317 0.5971014492753624 0.4370860927152318 0.5985507246376811 0.3973509933774834 0.5956521739130435 0.3841059602649007 0.5869565217391305 0.39072847682119205 0.5797101449275363 0.4370860927152318 0.5710144927536231 0.45695364238410596 0.5695652173913044 0.4768211920529801 0.5695652173913044 0.48344370860927155 0.5710144927536231
0 0.8211920529801324 0.2855072463768116 0.8543046357615894 0.2898550724637681 0.8675496688741722 0.2956521739130435 0.8609271523178808 0.30289855072463767 0.8410596026490066 0.3072463768115942 0.8211920529801324 0.30869565217391304 0.7814569536423841 0.30869565217391304 0.7549668874172185 0.30579710144927535 0.7417218543046358 0.30144927536231886 0.7417218543046358 0.2927536231884058 0.7483443708609272 0.2898550724637681 0.7814569536423841 0.2855072463768116 0.8145695364238411 0.2855072463768116