0 0.7321428571428571 0.3704819277108434 0.7559523809523809 0.375 0.7678571428571429 0.3810240963855422 0.7619047619047619 0.39006024096385544 0.7321428571428571 0.39457831325301207 0.7083333333333334 0.39457831325301207 0.6845238095238095 0.39156626506024095 0.6666666666666666 0.3855421686746988 0.6666666666666666 0.37650602409638556 0.6964285714285714 0.3704819277108434 0.7261904761904762 0.3704819277108434
0 0.4226190476190476 0.8433734939759037 0.4583333333333333 0.8463855421686747 0.47619047619047616 0.8524096385542169 0.47023809523809523 0.8614457831325302 0.43452380952380953 0.8674698795180723 0.39880952380952384 0.8659638554216867 0.375 0.8599397590361446 0.36904761904761907 0.8554216867469879 0.38095238095238093 0.8463855421686747 0.39880952380952384 0.8433734939759037 0.4166666666666667 0.8433734939759037
0 0.43452380952380953 0.44126506024096385 0.4583333333333333 0.4442771084337349 0.47619047619047616 0.45180722891566266 0.47023809523809523 0.4608433734939759 0.44047619047619047 0.46686746987951805 0.39880952380952384 0.46536144578313254 0.3869047619047619 0.463855421686747 0.375 0.45933734939759036 0.375 0.44879518072289154 0.39285714285714285 0.4442771084337349 0.42857142857142855 0.44126506024096385
0 0.5773809523809523 0.11295180722891567 0.6071428571428571 0.11596385542168675 0.625 0.12198795180722892 0.625 0.13102409638554216 0.6011904761904762 0.13704819277108435 0.5476190476190477 0.13704819277108435 0.5238095238095238 0.1280120481927711 0.5238095238095238 0.12048192771084337 0.5357142857142857 0.11596385542168675 0.5535714285714286 0.11295180722891567 0.5714285714285714 0.11295180722891567
0 0.5952380952380952 0.15060240963855423 0.6071428571428571 0.15210843373493976 0.625 0.15813253012048192 0.625 0.16716867469879518 0.6071428571428571 0.1716867469879518 0.5535714285714286 0.1716867469879518 0.5297619047619048 0.1686746987951807 0.5178571428571429 0.16415662650602408 0.5178571428571429 0.15963855421686746 0.5357142857142857 0.1536144578313253 0.5595238095238095 0.15060240963855423 0.5892857142857143 0.15060240963855423
0 0.5952380952380952 0.8810240963855421 0.6190476190476191 0.8870481927710844 0.625 0.8945783132530121 0.6071428571428571 0.9021084337349398 0.5773809523809523 0.9051204819277109 0.5535714285714286 0.9051204819277109 0.5357142857142857 0.9021084337349398 0.5238095238095238 0.8900602409638554 0.5416666666666666 0.8810240963855421 0.5535714285714286 0.8795180722891566 0.5833333333333334 0.8795180722891566 0.5892857142857143 0.8810240963855421
0 0.2976190476190476 0.07680722891566265 0.3273809523809524 0.08283132530120482 0.3333333333333333 0.0858433734939759 0.3333333333333333 0.09337349397590361 0.30952380952380953 0.09939759036144578 0.2916666666666667 0.10090361445783133 0.25595238095238093 0.10090361445783133 0.24404761904761904 0.09939759036144578 0.23214285714285715 0.09487951807228916 0.23214285714285715 0.0858433734939759 0.24404761904761904 0.08132530120481928 0.27380952380952384 0.07680722891566265 0.2916666666666667 0.07680722891566265
0 0.5714285714285714 0.733433734939759 0.6011904761904762 0.7364457831325302 0.625 0.7439759036144579 0.625 0.7530120481927711 0.6011904761904762 0.7590361445783133 0.5595238095238095 0.7590361445783133 0.5297619047619048 0.7545180722891566 0.5178571428571429 0.75 0.5178571428571429 0.7439759036144579 0.5357142857142857 0.7364457831325302 0.5654761904761905 0.733433734939759
0 0.6071428571428571 0.9548192771084337 0.6309523809523809 0.9623493975903614 0.625 0.9698795180722891 0.6130952380952381 0.9728915662650602 0.5773809523809523 0.9759036144578314 0.5357142857142857 0.9759036144578314 0.5238095238095238 0.9743975903614458 0.5178571428571429 0.9713855421686747 0.5178571428571429 0.9623493975903614 0.5238095238095238 0.9593373493975904 0.5535714285714286 0.9533132530120482 0.5952380952380952 0.9533132530120482 0.6011904761904762 0.9548192771084337
0 0.44642857142857145 0.18674698795180722 0.47023809523809523 0.1927710843373494 0.48214285714285715 0.19879518072289157 0.47619047619047616 0.20481927710843373 0.4583333333333333 0.20933734939759036 0.4166666666666667 0.20933734939759036 0.39880952380952384 0.2063253012048193 0.3869047619047619 0.2063253012048193 0.36904761904761907 0.2003012048192771 0.375 0.1927710843373494 0.3869047619047619 0.1897590361445783 0.4107142857142857 0.18674698795180722 0.44047619047619047 0.18674698795180722
0 0.4523809523809524 0.9186746987951807 0.47619047619047616 0.9262048192771084 0.47619047619047616 0.9322289156626506 0.4583333333333333 0.9382530120481928 0.42857142857142855 0.9412650602409639 0.39880952380952384 0.9397590361445783 0.375 0.9337349397590361 0.36904761904761907 0.9246987951807228 0.3869047619047619 0.9186746987951807 0.40476190476190477 0.9186746987951807 0.4107142857142857 0.9171686746987951 0.44047619047619047 0.9171686746987951 0.44642857142857145 0.9186746987951807
0 0.5952380952380952 0.5903614457831325 0.6190476190476191 0.5948795180722891 0.625 0.6039156626506024 0.6130952380952381 0.6099397590361446 0.5892857142857143 0.6129518072289156 0.5476190476190477 0.6129518072289156 0.5297619047619048 0.608433734939759 0.5238095238095238 0.6039156626506024 0.5238095238095238 0.5963855421686747 0.5297619047619048 0.5933734939759037 0.5654761904761905 0.588855421686747 0.5892857142857143 0.5903614457831325
0 0.42857142857142855 0.6362951807228916 0.10714285714285714 0.025602409638554216
0 0.4166666666666667 0.697289156626506 0.4226190476190476 0.6987951807228916 0.44642857142857145 0.6987951807228916 0.47023809523809523 0.7033132530120482 0.47619047619047616 0.7078313253012049 0.47023809523809523 0.7153614457831325 0.4523809523809524 0.7198795180722891 0.4166666666666667 0.7213855421686747 0.39285714285714285 0.7183734939759037 0.375 0.713855421686747 0.36904761904761907 0.7093373493975904 0.375 0.7033132530120482 0.39285714285714285 0.6987951807228916 0.4107142857142857 0.6987951807228916
0 0.44642857142857145 0.7710843373493976 0.47619047619047616 0.7816265060240963 0.47619047619047616 0.7906626506024096 0.44047619047619047 0.7951807228915663 0.3869047619047619 0.7906626506024096 0.375 0.786144578313253 0.375 0.7801204819277109 0.39285714285714285 0.7725903614457831 0.4166666666666667 0.7695783132530121 0.43452380952380953 0.7695783132530121 0.44047619047619047 0.7710843373493976
0 0.43452380952380953 0.3328313253012048 0.47023809523809523 0.3373493975903614 0.48214285714285715 0.34487951807228917 0.47023809523809523 0.35240963855421686 0.4523809523809524 0.35542168674698793 0.4107142857142857 0.35542168674698793 0.39880952380952384 0.3539156626506024 0.38095238095238093 0.3493975903614458 0.375 0.34487951807228917 0.38095238095238093 0.338855421686747 0.39880952380952384 0.3328313253012048 0.42857142857142855 0.3328313253012048
0 0.39285714285714285 0.2620481927710843 0.40476190476190477 0.2605421686746988 0.43452380952380953 0.2605421686746988 0.47619047619047616 0.26506024096385544 0.4880952380952381 0.2680722891566265 0.4880952380952381 0.2756024096385542 0.47619047619047616 0.2786144578313253 0.4166666666666667 0.28313253012048195 0.38095238095238093 0.27710843373493976 0.375 0.27259036144578314 0.375 0.2680722891566265 0.39285714285714285 0.2635542168674699
0 0.5952380952380952 0.8087349397590361 0.6071428571428571 0.8102409638554217 0.6190476190476191 0.8147590361445783 0.625 0.822289156626506 0.6071428571428571 0.8283132530120482 0.5892857142857143 0.8298192771084337 0.5476190476190477 0.8298192771084337 0.5238095238095238 0.822289156626506 0.5238095238095238 0.8132530120481928 0.5416666666666666 0.8087349397590361 0.5535714285714286 0.8072289156626506 0.5833333333333334 0.8072289156626506 0.5892857142857143 0.8087349397590361
0 0.7202380952380952 0.22289156626506024 0.7380952380952381 0.22439759036144577 0.7619047619047619 0.23042168674698796 0.7678571428571429 0.23493975903614459 0.7619047619047619 0.24096385542168675 0.7440476190476191 0.24548192771084337 0.7261904761904762 0.2469879518072289 0.7023809523809523 0.2469879518072289 0.6785714285714286 0.24397590361445784 0.6607142857142857 0.2394578313253012 0.6726190476190477 0.2289156626506024 0.6904761904761905 0.22439759036144577 0.7142857142857143 0.22289156626506024
0 0.4523809523809524 0.6641566265060241 0.4642857142857143 0.6686746987951807 0.4583333333333333 0.6792168674698795 0.44642857142857145 0.6822289156626506 0.42857142857142855 0.6837349397590361 0.39880952380952384 0.6822289156626506 0.38095238095238093 0.6792168674698795 0.375 0.6762048192771084 0.375 0.6671686746987951 0.39285714285714285 0.6641566265060241 0.44642857142857145 0.6641566265060241
0 0.5833333333333334 0.6581325301204819 0.6130952380952381 0.6641566265060241 0.625 0.6701807228915663 0.625 0.677710843373494 0.6190476190476191 0.6807228915662651 0.5773809523809523 0.6852409638554217 0.5416666666666666 0.6837349397590361 0.5238095238095238 0.6792168674698795 0.5178571428571429 0.6746987951807228 0.5238095238095238 0.6656626506024096 0.5595238095238095 0.6581325301204819 0.5773809523809523 0.6581325301204819
0 0.4523809523809524 0.552710843373494 0.47619047619047616 0.5602409638554217 0.47619047619047616 0.5662650602409639 0.4583333333333333 0.572289156626506 0.44047619047619047 0.5737951807228916 0.39285714285714285 0.5737951807228916 0.375 0.5692771084337349 0.375 0.5602409638554217 0.38095238095238093 0.5572289156626506 0.40476190476190477 0.552710843373494 0.44642857142857145 0.552710843373494
0 0.7380952380952381 0.4789156626506024 0.75 0.48042168674698793 0.7678571428571429 0.4864457831325301 0.7678571428571429 0.4939759036144578 0.7619047619047619 0.49698795180722893 0.7380952380952381 0.5015060240963856 0.6845238095238095 0.5 0.6666666666666666 0.4954819277108434 0.6607142857142857 0.49096385542168675 0.6785714285714286 0.4819277108433735 0.7023809523809523 0.4789156626506024 0.7321428571428571 0.4789156626506024
0 0.5833333333333334 0.5150602409638554 0.6071428571428571 0.5180722891566265 0.625 0.5225903614457831 0.6309523809523809 0.5271084337349398 0.625 0.5331325301204819 0.6071428571428571 0.5376506024096386 0.5892857142857143 0.5391566265060241 0.5714285714285714 0.5391566265060241 0.5416666666666666 0.536144578313253 0.5238095238095238 0.5286144578313253 0.5297619047619048 0.5210843373493976 0.5476190476190477 0.516566265060241 0.5773809523809523 0.5150602409638554
0 0.5952380952380952 0.4066265060240964 0.625 0.4126506024096386 0.625 0.42319277108433734 0.6071428571428571 0.42771084337349397 0.5714285714285714 0.4307228915662651 0.5654761904761905 0.4292168674698795 0.5476190476190477 0.4292168674698795 0.5297619047619048 0.4246987951807229 0.5238095238095238 0.42168674698795183 0.5238095238095238 0.411144578313253 0.5535714285714286 0.40512048192771083 0.5892857142857143 0.4066265060240964
0 0.7380952380952381 0.29668674698795183 0.75 0.29819277108433734 0.7559523809523809 0.30120481927710846 0.7619047619047619 0.3147590361445783 0.7321428571428571 0.3207831325301205 0.7023809523809523 0.3207831325301205 0.6785714285714286 0.3132530120481928 0.6785714285714286 0.3042168674698795 0.6845238095238095 0.30120481927710846 0.7142857142857143 0.29668674698795183 0.7321428571428571 0.29668674698795183