0 0.8227848101265823 0.9086892488954345 0.8417721518987342 0.9116347569955817 0.8607594936708861 0.9175257731958762 0.8607594936708861 0.9248895434462445 0.8544303797468354 0.9278350515463918 0.8227848101265823 0.9322533136966127 0.7974683544303798 0.9322533136966127 0.759493670886076 0.9219440353460973 0.759493670886076 0.914580265095729 0.7721518987341772 0.9101620029455081 0.7848101265822784 0.9086892488954345 0.8164556962025317 0.9086892488954345
0 0.6962025316455697 0.41237113402061853 0.7215189873417721 0.4167893961708395 0.7215189873417721 0.4256259204712813 0.7025316455696202 0.43004418262150224 0.6455696202531646 0.43004418262150224 0.6139240506329114 0.42415316642120765 0.6139240506329114 0.41531664212076586 0.6329113924050633 0.4108983799705449 0.6645569620253164 0.40942562592047127 0.689873417721519 0.41237113402061853
0 0.5443037974683544 0.16053019145802652 0.5632911392405063 0.16494845360824742 0.569620253164557 0.1723122238586156 0.5569620253164557 0.17820324005891017 0.5253164556962026 0.18262150220913106 0.4936708860759494 0.18262150220913106 0.46835443037974683 0.1796759941089838 0.44936708860759494 0.17525773195876287 0.4430379746835443 0.17083946980854198 0.4620253164556962 0.1634756995581738 0.4810126582278481 0.16053019145802652 0.5 0.15905743740795286 0.5316455696202531 0.15905743740795286 0.5379746835443038 0.16053019145802652
0 0.5253164556962026 0.7304860088365243 0.5379746835443038 0.7319587628865979 0.5632911392405063 0.7393225331369662 0.5569620253164557 0.748159057437408 0.5316455696202531 0.7511045655375552 0.4873417721518987 0.7511045655375552 0.4620253164556962 0.748159057437408 0.44936708860759494 0.7422680412371134 0.4620253164556962 0.7334315169366715 0.4873417721518987 0.7304860088365243 0.5189873417721519 0.7304860088365243
0 0.46835443037974683 0.44624447717231225 0.4810126582278481 0.44477172312223856 0.5253164556962026 0.44477172312223856 0.5379746835443038 0.44624447717231225 0.5569620253164557 0.4521354933726068 0.5569620253164557 0.46097201767304863 0.5316455696202531 0.46686303387334316 0.5 0.4683357879234168 0.46835443037974683 0.4653902798232695 0.45569620253164556 0.46244477172312226 0.45569620253164556 0.4580265095729013 0.44936708860759494 0.4565537555228277 0.45569620253164556 0.45508100147275404 0.45569620253164556 0.45066273932253315 0.46835443037974683 0.4477172312223859
0 0.8481012658227848 0.8379970544918999 0.8607594936708861 0.8424153166421208 0.8670886075949367 0.8512518409425626 0.8481012658227848 0.8586156111929307 0.8354430379746836 0.8600883652430045 0.8037974683544303 0.8600883652430045 0.7658227848101266 0.8556701030927835 0.7468354430379747 0.8483063328424153 0.7658227848101266 0.8409425625920471 0.7974683544303798 0.8350515463917526 0.8291139240506329 0.8350515463917526 0.8417721518987342 0.8379970544918999
0 0.6835443037974683 0.4801178203240059 0.6962025316455697 0.48159057437407954 0.7151898734177216 0.48748159057437407 0.7151898734177216 0.4963181148748159 0.7088607594936709 0.4992636229749632 0.6772151898734177 0.5036818851251841 0.6329113924050633 0.5022091310751104 0.6139240506329114 0.49779086892488955 0.6139240506329114 0.48748159057437407 0.620253164556962 0.4845360824742268 0.6455696202531646 0.4801178203240059 0.6772151898734177 0.4801178203240059
0 0.8417721518987342 0.6597938144329897 0.8670886075949367 0.6671575846833578 0.8670886075949367 0.6745213549337261 0.8607594936708861 0.6774668630338734 0.8417721518987342 0.6804123711340206 0.7848101265822784 0.678939617083947 0.759493670886076 0.6745213549337261 0.759493670886076 0.6642120765832106 0.7784810126582279 0.6597938144329897 0.8354430379746836 0.6597938144329897
0 0.6772151898734177 0.5169366715758469 0.6962025316455697 0.5184094256259205 0.7151898734177216 0.5257731958762887 0.7025316455696202 0.5360824742268041 0.6772151898734177 0.540500736377025 0.6392405063291139 0.540500736377025 0.620253164556962 0.5331369661266568 0.620253164556962 0.5213549337260678 0.6392405063291139 0.5169366715758469 0.6708860759493671 0.5169366715758469
0 0.36075949367088606 0.5522827687776142 0.3987341772151899 0.5596465390279823 0.3987341772151899 0.5699558173784978 0.3924050632911392 0.572901325478645 0.36075949367088606 0.5758468335787923 0.34810126582278483 0.5758468335787923 0.310126582278481 0.5714285714285714 0.2911392405063291 0.5640648011782032 0.2974683544303797 0.5581737849779087 0.31645569620253167 0.5537555228276878 0.35443037974683544 0.5522827687776142
0 0.6962025316455697 0.1958762886597938 0.7151898734177216 0.20176730486008837 0.7151898734177216 0.21207658321060383 0.6835443037974683 0.21796759941089838 0.6329113924050633 0.21502209131075112 0.6139240506329114 0.20913107511045656 0.6139240506329114 0.20176730486008837 0.6329113924050633 0.1958762886597938 0.6518987341772152 0.19440353460972018 0.689873417721519 0.1958762886597938
0 0.7721518987341772 0.9455081001472754 0.7848101265822784 0.9440353460972017 0.8417721518987342 0.9440353460972017 0.8607594936708861 0.9484536082474226 0.8734177215189873 0.9558173784977909 0.8670886075949367 0.9602356406480118 0.8417721518987342 0.9661266568483063 0.810126582278481 0.9661266568483063 0.7848101265822784 0.9631811487481591 0.759493670886076 0.9572901325478645 0.759493670886076 0.9513991163475699 0.7721518987341772 0.946980854197349
0 0.5316455696202531 0.08689248895434462 0.5506329113924051 0.08836524300441827 0.5632911392405063 0.09278350515463918 0.5632911392405063 0.10456553755522828 0.5506329113924051 0.10898379970544919 0.5253164556962026 0.11192930780559647 0.4810126582278481 0.11045655375552282 0.46835443037974683 0.10898379970544919 0.45569620253164556 0.10456553755522828 0.45569620253164556 0.09425625920471281 0.4936708860759494 0.08689248895434462 0.5253164556962026 0.08689248895434462
0 0.33544303797468356 0.22974963181148747 0.379746835443038 0.23269513991163476 0.3987341772151899 0.23711340206185566 0.3987341772151899 0.24594992636229748 0.3860759493670886 0.25184094256259204 0.3670886075949367 0.25184094256259204 0.34177215189873417 0.2547864506627393 0.3037974683544304 0.2503681885125184 0.2974683544303797 0.24742268041237114 0.2974683544303797 0.23711340206185566 0.3291139240506329 0.23122238586156113
0 0.37341772151898733 0.30338733431516934 0.3860759493670886 0.30486008836524303 0.3987341772151899 0.30927835051546393 0.3987341772151899 0.31958762886597936 0.36075949367088606 0.32547864506627394 0.3291139240506329 0.32547864506627394 0.2974683544303797 0.32106038291605304 0.2911392405063291 0.30927835051546393 0.3227848101265823 0.30338733431516934 0.3670886075949367 0.30338733431516934
0 0.35443037974683544 0.6936671575846833 0.37341772151898733 0.695139911634757 0.3987341772151899 0.7010309278350515 0.3987341772151899 0.7098674521354934 0.379746835443038 0.7142857142857143 0.34810126582278483 0.7172312223858616 0.310126582278481 0.7172312223858616 0.2911392405063291 0.7128129602356407 0.2911392405063291 0.7025036818851251 0.3037974683544304 0.6980854197349042 0.3227848101265823 0.695139911634757 0.34810126582278483 0.695139911634757
0 0.6645569620253164 0.801178203240059 0.7025316455696202 0.8055964653902798 0.7151898734177216 0.8100147275405007 0.7088607594936709 0.8188512518409425 0.6772151898734177 0.8232695139911634 0.6455696202531646 0.8232695139911634 0.6139240506329114 0.8203240058910162 0.6012658227848101 0.8173784977908689 0.6012658227848101 0.812960235640648 0.6139240506329114 0.8070692194403535 0.6392405063291139 0.801178203240059 0.6582278481012658 0.801178203240059
0 0.5063291139240507 0.12223858615611193 0.5126582278481012 0.12371134020618557 0.5316455696202531 0.12371134020618557 0.5569620253164557 0.12960235640648013 0.5632911392405063 0.1325478645066274 0.5632911392405063 0.13991163475699558 0.5379746835443038 0.14580265095729014 0.4810126582278481 0.14580265095729014 0.45569620253164556 0.13991163475699558 0.44936708860759494 0.13549337260677466 0.4620253164556962 0.12812960235640647 0.47468354430379744 0.1251840942562592 0.5 0.12371134020618557
0 0.8544303797468354 0.8748159057437408 0.8734177215189873 0.8807069219440353 0.8734177215189873 0.8895434462444771 0.8481012658227848 0.8939617083946981 0.8354430379746836 0.8924889543446245 0.8291139240506329 0.8939617083946981 0.7848101265822784 0.8924889543446245 0.7658227848101266 0.8865979381443299 0.7658227848101266 0.8777614138438881 0.7784810126582279 0.8733431516936672 0.7911392405063291 0.8718703976435935 0.8227848101265823 0.8718703976435935 0.8481012658227848 0.8748159057437408
0 0.44936708860759494 0.6362297496318114 0.47468354430379744 0.6244477172312224 0.4873417721518987 0.6229749631811488 0.5253164556962026 0.6244477172312224 0.5506329113924051 0.6303387334315169 0.5506329113924051 0.6406480117820325 0.5316455696202531 0.6450662739322534 0.4810126582278481 0.6435935198821797 0.4620253164556962 0.6406480117820325 0.45569620253164556 0.6377025036818851
0 0.6518987341772152 0.33578792341678937 0.6962025316455697 0.3387334315169367 0.7215189873417721 0.34609720176730485 0.7215189873417721 0.35198821796759944 0.7025316455696202 0.35787923416789397 0.6772151898734177 0.36082474226804123 0.6455696202531646 0.36082474226804123 0.6265822784810127 0.3593519882179676 0.6139240506329114 0.3549337260677467 0.6075949367088608 0.35198821796759944 0.6139240506329114 0.3431516936671576 0.6455696202531646 0.33726067746686306
0 0.8417721518987342 0.2665684830633284 0.8670886075949367 0.2709867452135493 0.8734177215189873 0.27393225331369664 0.8734177215189873 0.2812960235640648 0.8670886075949367 0.28424153166421207 0.8354430379746836 0.29013254786450665 0.7848101265822784 0.28865979381443296 0.7658227848101266 0.28276877761413843 0.7658227848101266 0.27245949926362295 0.7721518987341772 0.2695139911634757 0.7911392405063291 0.2665684830633284 0.8354430379746836 0.2665684830633284
0 0.7658227848101266 0.7687776141384389 0.7911392405063291 0.7658321060382917 0.8417721518987342 0.7673048600883653 0.8607594936708861 0.7717231222385862 0.8670886075949367 0.7761413843888071 0.8670886075949367 0.780559646539028 0.8544303797468354 0.7849779086892489 0.7911392405063291 0.7893961708394698 0.7658227848101266 0.7849779086892489 0.7531645569620253 0.7776141384388807 0.7531645569620253 0.7731958762886598 0.7658227848101266 0.7702503681885126
0 0.379746835443038 0.5905743740795287 0.3987341772151899 0.5964653902798233 0.3987341772151899 0.6008836524300442 0.3670886075949367 0.6097201767304861 0.34810126582278483 0.6097201767304861 0.34177215189873417 0.6111929307805597 0.33544303797468356 0.6097201767304861 0.31645569620253167 0.6097201767304861 0.3037974683544304 0.6067746686303387 0.2974683544303797 0.6038291605301914 0.2974683544303797 0.5949926362297496 0.310126582278481 0.5905743740795287 0.3291139240506329 0.5876288659793815 0.36075949367088606 0.5876288659793815 0.37341772151898733 0.5905743740795287
0 0.8291139240506329 0.37260677466863035 0.8607594936708861 0.3755522827687776 0.8734177215189873 0.3784977908689249 0.8734177215189873 0.38880706921944036 0.8544303797468354 0.3946980854197349 0.8354430379746836 0.3961708394698085 0.8037974683544303 0.3961708394698085 0.7911392405063291 0.3946980854197349 0.7721518987341772 0.3917525773195876 0.759493670886076 0.3858615611192931 0.759493670886076 0.38144329896907214 0.7784810126582279 0.3755522827687776 0.8037974683544303 0.37260677466863035 0.8227848101265823 0.37260677466863035