0 0.4807692307692308 0.12693935119887165 0.5128205128205128 0.13399153737658676 0.5128205128205128 0.14245416078984485 0.5064102564102564 0.14527503526093088 0.46794871794871795 0.14950634696755993 0.4423076923076923 0.14950634696755993 0.4166666666666667 0.1466854724964739 0.40384615384615385 0.14245416078984485 0.3974358974358974 0.13399153737658676 0.4230769230769231 0.12834978843441466 0.47435897435897434 0.12693935119887165
0 0.782051282051282 0.19322990126939352 0.7884615384615384 0.19464033850493653 0.8076923076923077 0.19464033850493653 0.8269230769230769 0.19887165021156558 0.8333333333333334 0.2016925246826516 0.8333333333333334 0.21156558533145275 0.8076923076923077 0.2157968970380818 0.782051282051282 0.2157968970380818 0.7756410256410257 0.21720733427362482 0.7564102564102564 0.21720733427362482 0.7371794871794872 0.2143864598025388 0.7243589743589743 0.20874471086036672 0.7243589743589743 0.2016925246826516 0.7435897435897436 0.19605077574047955 0.7756410256410257 0.19464033850493653
0 0.32051282051282054 0.7757404795486601 0.358974358974359 0.7842031029619182 0.358974358974359 0.7912552891396333 0.32051282051282054 0.7983074753173484 0.28205128205128205 0.7983074753173484 0.24358974358974358 0.7940761636107193 0.24358974358974358 0.7856135401974612 0.2564102564102564 0.7813822284908322 0.28205128205128205 0.7757404795486601 0.3141025641025641 0.7757404795486601
0 0.6217948717948718 0.6840620592383639 0.1282051282051282 0.022566995768688293
0 0.4166666666666667 0.7094499294781382 0.4423076923076923 0.7066290550070522 0.46153846153846156 0.7066290550070522 0.4935897435897436 0.7094499294781382 0.5128205128205128 0.7150916784203103 0.5128205128205128 0.7249647390691114 0.5064102564102564 0.7263751763046544 0.4807692307692308 0.7291960507757405 0.4423076923076923 0.7291960507757405 0.40384615384615385 0.7207334273624824 0.40384615384615385 0.7150916784203103 0.4166666666666667 0.7108603667136812
0 0.47435897435897434 0.4682651622002821 0.5064102564102564 0.47249647390691113 0.5192307692307693 0.4795486600846262 0.5064102564102564 0.48660084626234135 0.4551282051282051 0.4908321579689704 0.4230769230769231 0.48801128349788436 0.41025641025641024 0.48519040902679833 0.40384615384615385 0.4767277856135402 0.41025641025641024 0.47249647390691113 0.42948717948717946 0.4682651622002821 0.4423076923076923 0.46685472496473907 0.46153846153846156 0.46685472496473907 0.46794871794871795 0.4682651622002821
0 0.4551282051282051 0.5021156558533145 0.4935897435897436 0.5049365303244006 0.5128205128205128 0.5091678420310296 0.5192307692307693 0.5119887165021156 0.5128205128205128 0.5190409026798307 0.47435897435897434 0.5246826516220028 0.4358974358974359 0.5246826516220028 0.4166666666666667 0.5218617771509168 0.40384615384615385 0.5162200282087447 0.40384615384615385 0.5105782792665726 0.4230769230769231 0.5049365303244006 0.44871794871794873 0.5035260930888575
0 0.6410256410256411 0.8787023977433004 0.6730769230769231 0.8843441466854725 0.6794871794871795 0.8899858956276445 0.6730769230769231 0.8942172073342737 0.6346153846153846 0.9012693935119888 0.6025641025641025 0.9012693935119888 0.5705128205128205 0.8942172073342737 0.5705128205128205 0.8857545839210155 0.5769230769230769 0.8829337094499294 0.6025641025641025 0.8787023977433004 0.6346153846153846 0.8787023977433004
0 0.5641025641025641 0.7545839210155149 0.5705128205128205 0.7531734837799718 0.5705128205128205 0.7475317348377997 0.5897435897435898 0.7433004231311706 0.6282051282051282 0.7418899858956276 0.6666666666666666 0.7447108603667136 0.6794871794871795 0.7489421720733427 0.6794871794871795 0.7574047954866009 0.6666666666666666 0.7616361071932299 0.6346153846153846 0.764456981664316 0.6025641025641025 0.764456981664316 0.5705128205128205 0.7559943582510579
0 0.3141025641025641 0.535966149506347 0.358974358974359 0.5401974612129761 0.36538461538461536 0.5430183356840621 0.36538461538461536 0.5514809590973202 0.3333333333333333 0.5585331452750353 0.28846153846153844 0.5585331452750353 0.2692307692307692 0.5571227080394923 0.25 0.5528913963328632 0.25 0.5444287729196051 0.2564102564102564 0.5416078984485191 0.27564102564102566 0.53737658674189 0.3076923076923077 0.535966149506347
0 0.6602564102564102 0.6403385049365303 0.6794871794871795 0.6459802538787024 0.6794871794871795 0.6544428772919605 0.6666666666666666 0.6586741889985895 0.6346153846153846 0.6614950634696756 0.5897435897435898 0.6600846262341326 0.5705128205128205 0.6558533145275035 0.5641025641025641 0.6473906911142454 0.6025641025641025 0.6389280677009873 0.6474358974358975 0.6389280677009873 0.6538461538461539 0.6403385049365303
0 0.6410256410256411 0.1607898448519041 0.6858974358974359 0.17066290550070523 0.6858974358974359 0.17489421720733428 0.6730769230769231 0.18053596614950634 0.6474358974358975 0.1847672778561354 0.6282051282051282 0.1847672778561354 0.5833333333333334 0.18053596614950634 0.5641025641025641 0.17348377997179126 0.5705128205128205 0.16643159379407615 0.5897435897435898 0.1622002820874471 0.6346153846153846 0.1607898448519041
0 0.7948717948717948 0.229901269393512 0.8269230769230769 0.23554301833568406 0.8333333333333334 0.24400564174894218 0.8076923076923077 0.25105782792665726 0.7884615384615384 0.2524682651622003 0.7628205128205128 0.2524682651622003 0.7371794871794872 0.24964739069111425 0.7243589743589743 0.24400564174894218 0.7243589743589743 0.23554301833568406 0.7564102564102564 0.229901269393512 0.7884615384615384 0.229901269393512
0 0.48717948717948717 0.4005641748942172 0.5128205128205128 0.4076163610719323 0.5128205128205128 0.4146685472496474 0.4807692307692308 0.4217207334273625 0.4358974358974359 0.4217207334273625 0.40384615384615385 0.4146685472496474 0.40384615384615385 0.4076163610719323 0.4230769230769231 0.4019746121297602 0.4358974358974359 0.4005641748942172 0.4807692307692308 0.4005641748942172
0 0.3141025641025641 0.6050775740479548 0.3333333333333333 0.6064880112834978 0.358974358974359 0.613540197461213 0.358974358974359 0.6220028208744711 0.3269230769230769 0.6276445698166432 0.28205128205128205 0.6276445698166432 0.25 0.6205923836389281 0.25 0.61212976022567 0.27564102564102566 0.6064880112834978 0.3076923076923077 0.6050775740479548
0 0.3076923076923077 0.4330042313117066 0.34615384615384615 0.43723554301833567 0.358974358974359 0.44428772919605075 0.3525641025641026 0.4527503526093089 0.32051282051282054 0.45839210155148097 0.28205128205128205 0.45698166431593795 0.2564102564102564 0.4513399153737659 0.2564102564102564 0.4400564174894217 0.27564102564102566 0.43441466854724964 0.30128205128205127 0.4330042313117066
0 0.3269230769230769 0.36530324400564174 0.358974358974359 0.3709449929478138 0.36538461538461536 0.37799717912552894 0.34615384615384615 0.385049365303244 0.3141025641025641 0.38787023977433005 0.2692307692307692 0.38645980253878703 0.2564102564102564 0.383638928067701 0.25 0.3765867418899859 0.26282051282051283 0.3695345557122708 0.27564102564102566 0.36671368124118475 0.32051282051282054 0.36530324400564174
0 0.7948717948717948 0.09167842031029619 0.8333333333333334 0.1001410437235543 0.8333333333333334 0.1071932299012694 0.8076923076923077 0.11424541607898449 0.7884615384615384 0.1156558533145275 0.75 0.11424541607898449 0.7243589743589743 0.1071932299012694 0.7243589743589743 0.1001410437235543 0.7371794871794872 0.09449929478138223 0.7564102564102564 0.09167842031029619 0.7884615384615384 0.09167842031029619
0 0.47435897435897434 0.2623413258110014 0.5128205128205128 0.2693935119887165 0.5128205128205128 0.27926657263751764 0.47435897435897434 0.2863187588152327 0.4551282051282051 0.2863187588152327 0.4166666666666667 0.2820874471086037 0.40384615384615385 0.2778561354019746 0.40384615384615385 0.27221438645980256 0.4166666666666667 0.26657263751763044 0.4358974358974359 0.2623413258110014 0.46794871794871795 0.2623413258110014
0 0.8012820512820513 0.844851904090268 0.8205128205128205 0.847672778561354 0.8333333333333334 0.8533145275035261 0.8333333333333334 0.8589562764456982 0.8269230769230769 0.8617771509167842 0.7884615384615384 0.8660084626234132 0.7564102564102564 0.8660084626234132 0.7307692307692307 0.8617771509167842 0.7243589743589743 0.8589562764456982 0.7243589743589743 0.849083215796897 0.7564102564102564 0.843441466854725 0.7948717948717948 0.844851904090268
0 0.5897435897435898 0.3328631875881523 0.6217948717948718 0.3314527503526093 0.6666666666666666 0.3342736248236953 0.6794871794871795 0.33709449929478136 0.6794871794871795 0.3469675599435825 0.6602564102564102 0.3511988716502116 0.6217948717948718 0.3526093088857546 0.6153846153846154 0.3511988716502116 0.5961538461538461 0.3511988716502116 0.5705128205128205 0.3455571227080395 0.5705128205128205 0.33991537376586745 0.5897435897435898 0.3342736248236953
0 0.7115384615384616 0.918194640338505 0.7307692307692307 0.9167842031029619 0.7628205128205128 0.9111424541607899 0.7948717948717948 0.9111424541607899 0.8205128205128205 0.9167842031029619 0.8333333333333334 0.923836389280677 0.8269230769230769 0.9294781382228491 0.8141025641025641 0.9322990126939351 0.8012820512820513 0.9337094499294781 0.7628205128205128 0.9337094499294781 0.7307692307692307 0.9294781382228491 0.7115384615384616 0.922425952045134 0.7115384615384616 0.919605077574048
0 0.46153846153846156 0.29619181946403383 0.4807692307692308 0.29760225669957685 0.5128205128205128 0.306064880112835 0.5128205128205128 0.31170662905500707 0.4807692307692308 0.32016925246826516 0.4358974358974359 0.31875881523272215 0.41025641025641024 0.31170662905500707 0.41025641025641024 0.3032440056417489 0.4358974358974359 0.29760225669957685 0.4551282051282051 0.29619181946403383
0 0.47435897435897434 0.8095909732016925 0.5128205128205128 0.8194640338504936 0.5128205128205128 0.8251057827926658 0.47435897435897434 0.8307475317348378 0.4358974358974359 0.8307475317348378 0.4230769230769231 0.8293370944992948 0.40384615384615385 0.8208744710860366 0.40384615384615385 0.8166431593794076 0.4230769230769231 0.8110014104372355 0.4551282051282051 0.8081805359661495 0.46794871794871795 0.8095909732016925
0 0.4807692307692308 0.5712270803949224 0.5064102564102564 0.5754583921015515 0.5192307692307693 0.5853314527503526 0.4935897435897436 0.5923836389280677 0.46153846153846156 0.5952045133991537 0.4423076923076923 0.5952045133991537 0.4166666666666667 0.5895627644569816 0.40384615384615385 0.5839210155148096 0.40384615384615385 0.5796897038081805 0.42948717948717946 0.5726375176304654 0.47435897435897434 0.5712270803949224