0 0.34415584415584416 0.9016641452344932 0.35714285714285715 0.9062027231467473 0.36363636363636365 0.9152798789712556 0.34415584415584416 0.9213313161875946 0.3246753246753247 0.9213313161875946 0.3181818181818182 0.9228441754916793 0.2792207792207792 0.9228441754916793 0.2532467532467532 0.9167927382753404 0.2532467532467532 0.9092284417549168 0.2662337662337662 0.903177004538578 0.2857142857142857 0.9001512859304085 0.33116883116883117 0.9001512859304085 0.33766233766233766 0.9016641452344932
0 0.6558441558441559 0.642965204236006 0.6688311688311688 0.6444780635400907 0.6883116883116883 0.6505295007564297 0.6948051948051948 0.6580937972768532 0.6688311688311688 0.6656580937972768 0.6298701298701299 0.6656580937972768 0.6233766233766234 0.6671709531013615 0.577922077922078 0.6626323751891074 0.577922077922078 0.653555219364599 0.5909090909090909 0.6475037821482602 0.6168831168831169 0.642965204236006 0.6493506493506493 0.642965204236006
0 0.487012987012987 0.789712556732224 0.525974025974026 0.7957639939485628 0.5324675324675324 0.8048411497730711 0.5064935064935064 0.81089258698941 0.4675324675324675 0.8139183055975794 0.43506493506493504 0.81089258698941 0.42207792207792205 0.8078668683812406 0.42207792207792205 0.7957639939485628 0.42857142857142855 0.7927382753403933 0.44805194805194803 0.789712556732224 0.4805194805194805 0.789712556732224
0 0.2792207792207792 0.07866868381240545 0.2597402597402597 0.07261724659606657 0.2597402597402597 0.06354009077155824 0.2727272727272727 0.057488653555219364 0.2922077922077922 0.05446293494704992 0.33766233766233766 0.057488653555219364 0.36363636363636365 0.06354009077155824 0.37012987012987014 0.07110438729198185 0.35714285714285715 0.07715582450832073 0.33116883116883117 0.08018154311649017 0.2987012987012987 0.08018154311649017 0.2857142857142857 0.07866868381240545
0 0.4155844155844156 0.4357034795763994 0.42207792207792205 0.43116490166414523 0.44155844155844154 0.4266263237518911 0.4675324675324675 0.4236006051437216 0.5 0.4236006051437216 0.5324675324675324 0.43267776096822996 0.5324675324675324 0.4402420574886536 0.525974025974026 0.443267776096823 0.4675324675324675 0.44780635400907715 0.461038961038961 0.4462934947049924 0.44155844155844154 0.4462934947049924 0.42207792207792205 0.44175491679273826 0.42207792207792205 0.4372163388804841
0 0.4935064935064935 0.4962178517397882 0.512987012987013 0.4977307110438729 0.5324675324675324 0.5052950075642966 0.5324675324675324 0.5128593040847201 0.5064935064935064 0.518910741301059 0.45454545454545453 0.518910741301059 0.44155844155844154 0.5173978819969742 0.42207792207792205 0.5113464447806354 0.42857142857142855 0.5022692889561271 0.44805194805194803 0.4977307110438729 0.487012987012987 0.4962178517397882
0 0.5909090909090909 0.8275340393343419 0.6103896103896104 0.8260211800302572 0.6558441558441559 0.8260211800302572 0.6688311688311688 0.8275340393343419 0.6883116883116883 0.8350983358547656 0.6883116883116883 0.8426626323751891 0.6818181818181818 0.8456883509833586 0.6493506493506493 0.8502269288956127 0.6168831168831169 0.8502269288956127 0.6038961038961039 0.848714069591528 0.577922077922078 0.8411497730711044 0.577922077922078 0.8350983358547656 0.5909090909090909 0.8290468986384266
0 0.8051948051948052 0.31316187594553707 0.8376623376623377 0.3177004538577912 0.8441558441558441 0.3207261724659607 0.8441558441558441 0.329803328290469 0.8311688311688312 0.33434190620272314 0.7987012987012987 0.3373676248108926 0.7662337662337663 0.3358547655068079 0.7402597402597403 0.3313161875945537 0.7402597402597403 0.32223903177004537 0.7467532467532467 0.31921331316187596 0.7662337662337663 0.3146747352496218 0.7987012987012987 0.31316187594553707
0 0.6688311688311688 0.46142208774583965 0.6883116883116883 0.4659606656580938 0.6883116883116883 0.4750378214826021 0.6818181818181818 0.47806354009077157 0.6493506493506493 0.48411497730711045 0.6233766233766234 0.48411497730711045 0.5974025974025974 0.481089258698941 0.5844155844155844 0.47655068078668683 0.5844155844155844 0.46747352496217853 0.6038961038961039 0.46142208774583965 0.6233766233766234 0.4599092284417549 0.6623376623376623 0.46142208774583965
0 0.3181818181818182 0.3494704992435703 0.35064935064935066 0.3524962178517398 0.36363636363636365 0.3555219364599092 0.36363636363636365 0.3661119515885023 0.35714285714285715 0.3691376701966717 0.33116883116883117 0.37367624810892586 0.2727272727272727 0.3721633888048411 0.2532467532467532 0.3661119515885023 0.2532467532467532 0.35703479576399394 0.2662337662337662 0.3524962178517398 0.2922077922077922 0.3494704992435703 0.3116883116883117 0.3494704992435703
0 0.6493506493506493 0.5703479576399395 0.6883116883116883 0.5809379727685325 0.6818181818181818 0.5900151285930408 0.6493506493506493 0.594553706505295 0.6168831168831169 0.594553706505295 0.6038961038961039 0.5930408472012103 0.5844155844155844 0.5885022692889561 0.5844155844155844 0.583963691376702 0.577922077922078 0.5824508320726173 0.5909090909090909 0.573373676248109 0.6103896103896104 0.5703479576399395 0.6428571428571429 0.5703479576399395
0 0.33766233766233766 0.680786686838124 0.36363636363636365 0.686838124054463 0.36363636363636365 0.697428139183056 0.34415584415584416 0.7019667170953101 0.3246753246753247 0.7034795763993948 0.2922077922077922 0.7034795763993948 0.2792207792207792 0.7019667170953101 0.2532467532467532 0.6959152798789713 0.2532467532467532 0.6883509833585476 0.2597402597402597 0.6853252647503782 0.2922077922077922 0.6792738275340393 0.3246753246753247 0.6792738275340393 0.33116883116883117 0.680786686838124
0 0.6688311688311688 0.16792738275340394 0.6948051948051948 0.17549167927382753 0.6948051948051948 0.1815431164901664 0.6818181818181818 0.18608169440242056 0.6558441558441559 0.19062027231467474 0.6233766233766234 0.19062027231467474 0.6103896103896104 0.18910741301059 0.5844155844155844 0.1815431164901664 0.5844155844155844 0.17397881996974282 0.5909090909090909 0.17095310136157338 0.6038961038961039 0.16944024205748864 0.6233766233766234 0.17095310136157338 0.6363636363636364 0.1664145234493192 0.6558441558441559 0.1664145234493192 0.6623376623376623 0.16792738275340394
0 0.6623376623376623 0.9349470499243571 0.6818181818181818 0.9379727685325264 0.6948051948051948 0.9440242057488654 0.6948051948051948 0.9500756429652042 0.6883116883116883 0.9546142208774584 0.6688311688311688 0.9591527987897126 0.6428571428571429 0.9591527987897126 0.6363636363636364 0.9606656580937972 0.6038961038961039 0.9576399394856279 0.5909090909090909 0.9546142208774584 0.5844155844155844 0.9515885022692889 0.5844155844155844 0.9440242057488654 0.6103896103896104 0.9364599092284418 0.6233766233766234 0.9349470499243571 0.6558441558441559 0.9349470499243571
0 0.45454545454545453 0.22692889561270801 0.44155844155844154 0.2254160363086233 0.42857142857142855 0.22087745839636913 0.42857142857142855 0.2102874432677761 0.43506493506493504 0.20726172465960666 0.45454545454545453 0.2042360060514372 0.5 0.2042360060514372 0.525974025974026 0.2118003025718608 0.525974025974026 0.22087745839636913 0.5064935064935064 0.2254160363086233 0.474025974025974 0.2254160363086233 0.4675324675324675 0.22692889561270801 0.461038961038961 0.2254160363086233
0 0.3116883116883117 0.27685325264750377 0.3246753246753247 0.2783661119515885 0.33116883116883117 0.28290468986384265 0.35714285714285715 0.2783661119515885 0.37012987012987014 0.28290468986384265 0.36363636363636365 0.2950075642965204 0.33766233766233766 0.29954614220877457 0.2857142857142857 0.29954614220877457 0.2662337662337662 0.29652042360060515 0.2532467532467532 0.29046898638426627 0.2597402597402597 0.2813918305597579 0.2727272727272727 0.2783661119515885 0.3051948051948052 0.27685325264750377
0 0.34415584415584416 0.7549167927382754 0.36363636363636365 0.7609682299546142 0.37012987012987014 0.7685325264750378 0.36363636363636365 0.7715582450832073 0.33766233766233766 0.7760968229954615 0.3051948051948052 0.7760968229954615 0.2727272727272727 0.773071104387292 0.2597402597402597 0.7700453857791225 0.2532467532467532 0.7655068078668684 0.2532467532467532 0.7609682299546142 0.2662337662337662 0.75642965204236 0.2987012987012987 0.7534039334341907 0.33116883116883117 0.7534039334341907 0.33766233766233766 0.7549167927382754
0 0.5064935064935064 0.8653555219364599 0.525974025974026 0.8683812405446294 0.5324675324675324 0.8774583963691377 0.525974025974026 0.8819969742813918 0.512987012987013 0.8850226928895613 0.4935064935064935 0.886535552193646 0.45454545454545453 0.886535552193646 0.43506493506493504 0.8835098335854765 0.4155844155844156 0.8729198184568835 0.42207792207792205 0.8683812405446294 0.44805194805194803 0.8638426626323752 0.4935064935064935 0.8638426626323752 0.5 0.8653555219364599
0 0.33766233766233766 0.6081694402420574 0.35064935064935066 0.6096822995461422 0.37012987012987014 0.6157337367624811 0.37012987012987014 0.6232980332829047 0.33766233766233766 0.6293494704992436 0.2792207792207792 0.6293494704992436 0.2662337662337662 0.6278366111951589 0.24675324675324675 0.6217851739788199 0.24675324675324675 0.6127080181543116 0.2597402597402597 0.6096822995461422 0.2727272727272727 0.6081694402420574 0.33116883116883117 0.6081694402420574
0 0.35064935064935066 0.09531013615733737 0.36363636363636365 0.09984871406959153 0.36363636363636365 0.11043872919818457 0.33116883116883117 0.11649016641452345 0.2792207792207792 0.11649016641452345 0.2532467532467532 0.11043872919818457 0.2532467532467532 0.10287443267776097 0.2597402597402597 0.09984871406959153 0.2922077922077922 0.09379727685325265 0.33766233766233766 0.09379727685325265 0.34415584415584416 0.09531013615733737
0 0.6233766233766234 0.3857791225416036 0.6298701298701299 0.38729198184568836 0.6493506493506493 0.38729198184568836 0.6818181818181818 0.3918305597579425 0.6883116883116883 0.394856278366112 0.6883116883116883 0.405446293494705 0.6558441558441559 0.4114977307110439 0.5974025974025974 0.40998487140695916 0.5844155844155844 0.4069591527987897 0.5844155844155844 0.40242057488653554 0.577922077922078 0.4009077155824508 0.5844155844155844 0.39334341906202724 0.6168831168831169 0.38729198184568836
0 0.512987012987013 0.5355521936459909 0.5324675324675324 0.5416036308623298 0.5324675324675324 0.5476550680786687 0.5064935064935064 0.5552193645990923 0.487012987012987 0.556732223903177 0.461038961038961 0.556732223903177 0.43506493506493504 0.5521936459909228 0.42207792207792205 0.5476550680786687 0.42207792207792205 0.540090771558245 0.461038961038961 0.5325264750378215 0.4805194805194805 0.5325264750378215 0.5064935064935064 0.5355521936459909
0 0.6558441558441559 0.7155824508320726 0.6883116883116883 0.7246596066565809 0.6883116883116883 0.7337367624810892 0.6688311688311688 0.7382753403933434 0.6428571428571429 0.7413010590015129 0.5974025974025974 0.7382753403933434 0.577922077922078 0.7322239031770046 0.577922077922078 0.7261724659606656 0.6038961038961039 0.7170953101361573 0.6168831168831169 0.7155824508320726 0.6493506493506493 0.7155824508320726
0 0.6428571428571429 0.23903177004538578 0.6623376623376623 0.2405446293494705 0.6818181818181818 0.24508320726172467 0.6948051948051948 0.25416036308623297 0.6688311688311688 0.2632375189107413 0.6493506493506493 0.2632375189107413 0.6428571428571429 0.264750378214826 0.6038961038961039 0.2632375189107413 0.577922077922078 0.25416036308623297 0.5844155844155844 0.24508320726172467 0.6038961038961039 0.2405446293494705 0.6363636363636364 0.23903177004538578
0 0.8181818181818182 0.13010590015128592 0.8441558441558441 0.1361573373676248 0.8506493506493507 0.1437216338880484 0.8376623376623377 0.14977307110438728 0.8116883116883117 0.15431164901664146 0.7727272727272727 0.15431164901664146 0.7597402597402597 0.15279878971255673 0.7402597402597403 0.14674735249621784 0.7402597402597403 0.1361573373676248 0.7792207792207793 0.13010590015128592 0.8116883116883117 0.13010590015128592