0 0.6075949367088608 0.8779585798816568 0.11392405063291139 0.02514792899408284
0 0.2974683544303797 0.9378698224852071 0.33544303797468356 0.9423076923076923 0.34810126582278483 0.9467455621301775 0.33544303797468356 0.9556213017751479 0.2974683544303797 0.9600591715976331 0.27848101265822783 0.9600591715976331 0.25316455696202533 0.9571005917159763 0.2468354430379747 0.9541420118343196 0.2468354430379747 0.9437869822485208 0.25316455696202533 0.9408284023668639 0.2721518987341772 0.9378698224852071 0.2911392405063291 0.9378698224852071
0 0.6139240506329114 0.5739644970414202 0.6518987341772152 0.5784023668639053 0.6645569620253164 0.584319526627219 0.6582278481012658 0.591715976331361 0.6392405063291139 0.5961538461538461 0.620253164556962 0.5976331360946746 0.5822784810126582 0.5976331360946746 0.5506329113924051 0.5887573964497042 0.5569620253164557 0.5813609467455622 0.5759493670886076 0.5769230769230769 0.6075949367088608 0.5739644970414202
0 0.2974683544303797 0.7329881656804734 0.12658227848101267 0.02514792899408284
0 0.6582278481012658 0.17751479289940827 0.6708860759493671 0.1849112426035503 0.6645569620253164 0.1863905325443787 0.6645569620253164 0.1908284023668639 0.6265822784810127 0.19674556213017752 0.5886075949367089 0.19674556213017752 0.5759493670886076 0.1952662721893491 0.5632911392405063 0.1878698224852071 0.5632911392405063 0.1804733727810651 0.5886075949367089 0.1760355029585799 0.6455696202531646 0.1760355029585799 0.6518987341772152 0.17751479289940827
0 0.4810126582278481 0.7588757396449705 0.4936708860759494 0.7633136094674556 0.5 0.7707100591715976 0.4936708860759494 0.7751479289940828 0.47468354430379744 0.7795857988165681 0.45569620253164556 0.7810650887573964 0.41139240506329117 0.7795857988165681 0.3860759493670886 0.772189349112426 0.3860759493670886 0.7662721893491125 0.3924050632911392 0.7633136094674556 0.4177215189873418 0.7588757396449705 0.43670886075949367 0.757396449704142 0.46835443037974683 0.757396449704142 0.47468354430379744 0.7588757396449705
0 0.4810126582278481 0.5029585798816568 0.5 0.507396449704142 0.5 0.5133136094674556 0.5063291139240507 0.514792899408284 0.5 0.5192307692307693 0.4810126582278481 0.5236686390532544 0.45569620253164556 0.5266272189349113 0.43037974683544306 0.5266272189349113 0.3924050632911392 0.5207100591715976 0.3924050632911392 0.5103550295857988 0.3987341772151899 0.507396449704142 0.4177215189873418 0.5044378698224852 0.47468354430379744 0.5029585798816568
0 0.4873417721518987 0.10355029585798817 0.5063291139240507 0.10798816568047337 0.5126582278481012 0.11538461538461539 0.4810126582278481 0.1242603550295858 0.4620253164556962 0.1242603550295858 0.45569620253164556 0.1257396449704142 0.41139240506329117 0.1227810650887574 0.3987341772151899 0.11686390532544379 0.3987341772151899 0.11094674556213018 0.41139240506329117 0.10650887573964497 0.43670886075949367 0.10355029585798817 0.4810126582278481 0.10355029585798817
0 0.7911392405063291 0.39497041420118345 0.8164556962025317 0.3994082840236686 0.8227848101265823 0.40828402366863903 0.8164556962025317 0.41272189349112426 0.7848101265822784 0.4171597633136095 0.7531645569620253 0.4171597633136095 0.740506329113924 0.4156804733727811 0.7088607594936709 0.4068047337278107 0.7088607594936709 0.40088757396449703 0.7215189873417721 0.39644970414201186 0.7468354430379747 0.39349112426035504 0.7784810126582279 0.39349112426035504 0.7848101265822784 0.39497041420118345
0 0.31645569620253167 0.5384615384615384 0.3291139240506329 0.5399408284023669 0.34810126582278483 0.5458579881656804 0.34810126582278483 0.5547337278106509 0.310126582278481 0.5621301775147929 0.2848101265822785 0.5621301775147929 0.25316455696202533 0.5591715976331361 0.24050632911392406 0.5562130177514792 0.24050632911392406 0.5517751479289941 0.23417721518987342 0.5502958579881657 0.24050632911392406 0.5443786982248521 0.25949367088607594 0.5399408284023669 0.310126582278481 0.5384615384615384
0 0.6392405063291139 0.1390532544378698 0.6518987341772152 0.14053254437869822 0.6708860759493671 0.14644970414201183 0.6708860759493671 0.15384615384615385 0.6265822784810127 0.16124260355029585 0.5886075949367089 0.15976331360946747 0.5632911392405063 0.15236686390532544 0.5632911392405063 0.14644970414201183 0.5886075949367089 0.1390532544378698 0.6329113924050633 0.1390532544378698
0 0.6265822784810127 0.4289940828402367 0.6455696202531646 0.43047337278106507 0.6645569620253164 0.4363905325443787 0.6645569620253164 0.4452662721893491 0.6582278481012658 0.44822485207100593 0.6265822784810127 0.4526627218934911 0.5822784810126582 0.4526627218934911 0.5569620253164557 0.4452662721893491 0.5569620253164557 0.4378698224852071 0.5632911392405063 0.4349112426035503 0.6012658227848101 0.4289940828402367 0.620253164556962 0.4289940828402367
0 0.620253164556962 0.900887573964497 0.6265822784810127 0.9023668639053254 0.6329113924050633 0.900887573964497 0.6582278481012658 0.9053254437869822 0.6645569620253164 0.9171597633136095 0.6139240506329114 0.9275147928994083 0.5759493670886076 0.9245562130177515 0.5506329113924051 0.9171597633136095 0.5506329113924051 0.9112426035502958 0.5632911392405063 0.9068047337278107 0.5759493670886076 0.9038461538461539 0.6139240506329114 0.900887573964497
0 0.31645569620253167 0.6109467455621301 0.34177215189873417 0.6153846153846154 0.34810126582278483 0.6183431952662722 0.34810126582278483 0.6257396449704142 0.3291139240506329 0.6316568047337278 0.3037974683544304 0.6346153846153846 0.2721518987341772 0.6346153846153846 0.25949367088607594 0.6331360946745562 0.2468354430379747 0.6301775147928994 0.2468354430379747 0.621301775147929 0.25949367088607594 0.6153846153846154 0.2911392405063291 0.6109467455621301 0.310126582278481 0.6109467455621301
0 0.3291139240506329 0.35650887573964496 0.35443037974683544 0.363905325443787 0.35443037974683544 0.3698224852071006 0.3291139240506329 0.3772189349112426 0.2974683544303797 0.3801775147928994 0.2721518987341772 0.378698224852071 0.2468354430379747 0.3727810650887574 0.24050632911392406 0.3668639053254438 0.25316455696202533 0.3609467455621302 0.2721518987341772 0.35650887573964496 0.2848101265822785 0.35502958579881655 0.31645569620253167 0.35502958579881655 0.3227848101265823 0.35650887573964496
0 0.2974683544303797 0.2958579881656805 0.11392405063291139 0.023668639053254437
0 0.6455696202531646 0.7943786982248521 0.6582278481012658 0.8002958579881657 0.6582278481012658 0.8091715976331361 0.6392405063291139 0.8150887573964497 0.620253164556962 0.8165680473372781 0.5822784810126582 0.8165680473372781 0.5632911392405063 0.8121301775147929 0.5569620253164557 0.8062130177514792 0.5822784810126582 0.7958579881656804 0.6139240506329114 0.7928994082840237 0.6329113924050633 0.7928994082840237 0.6392405063291139 0.7943786982248521
0 0.46835443037974683 0.0650887573964497 0.5 0.06804733727810651 0.5063291139240507 0.07100591715976332 0.5063291139240507 0.07840236686390532 0.4810126582278481 0.08579881656804733 0.44936708860759494 0.08875739644970414 0.4240506329113924 0.08875739644970414 0.4050632911392405 0.08579881656804733 0.3987341772151899 0.08284023668639054 0.3987341772151899 0.07396449704142012 0.4050632911392405 0.0695266272189349 0.4240506329113924 0.0650887573964497 0.43670886075949367 0.06360946745562131 0.45569620253164556 0.06360946745562131 0.4620253164556962 0.0650887573964497
0 0.4620253164556962 0.6464497041420119 0.4936708860759494 0.650887573964497 0.5 0.6538461538461539 0.5 0.6612426035502958 0.4873417721518987 0.6671597633136095 0.45569620253164556 0.6715976331360947 0.4177215189873418 0.6701183431952663 0.3924050632911392 0.6627218934911243 0.3987341772151899 0.6538461538461539 0.4240506329113924 0.6479289940828402 0.45569620253164556 0.6464497041420119
0 0.7784810126582279 0.46597633136094674 0.8164556962025317 0.4718934911242604 0.8164556962025317 0.4822485207100592 0.810126582278481 0.48520710059171596 0.7721518987341772 0.4896449704142012 0.7341772151898734 0.4881656804733728 0.7088607594936709 0.48520710059171596 0.7088607594936709 0.47485207100591714 0.7151898734177216 0.4718934911242604 0.740506329113924 0.46597633136094674 0.7721518987341772 0.46597633136094674
0 0.6392405063291139 0.6834319526627219 0.6582278481012658 0.6893491124260355 0.6645569620253164 0.6967455621301775 0.6582278481012658 0.7011834319526628 0.6329113924050633 0.7071005917159763 0.5759493670886076 0.7071005917159763 0.5569620253164557 0.6997041420118343 0.5569620253164557 0.6878698224852071 0.5822784810126582 0.6819526627218935 0.6265822784810127 0.6819526627218935 0.6329113924050633 0.6834319526627219
0 0.6170886075949367 0.33210059171597633 0.12025316455696203 0.02514792899408284
0 0.6234177215189873 0.2603550295857988 0.12025316455696203 0.023668639053254437
0 0.4462025316455696 0.8424556213017751 0.12025316455696203 0.02514792899408284
0 0.7848101265822784 0.21153846153846154 0.8164556962025317 0.21597633136094674 0.8291139240506329 0.22189349112426035 0.8291139240506329 0.22781065088757396 0.8164556962025317 0.23372781065088757 0.7784810126582279 0.23668639053254437 0.740506329113924 0.23372781065088757 0.7151898734177216 0.22337278106508876 0.7278481012658228 0.21597633136094674 0.759493670886076 0.21153846153846154 0.7784810126582279 0.21153846153846154