0 0.61875 0.35797101449275365 0.65 0.36086956521739133 0.66875 0.3681159420289855 0.66875 0.3753623188405797 0.625 0.3826086956521739 0.60625 0.3826086956521739 0.55625 0.3753623188405797 0.55625 0.36666666666666664 0.5625 0.36376811594202896 0.58125 0.35942028985507246 0.6125 0.35797101449275365
0 0.61875 0.21594202898550724 0.625 0.21739130434782608 0.64375 0.21739130434782608 0.6625 0.2217391304347826 0.66875 0.23043478260869565 0.65625 0.23478260869565218 0.6125 0.2391304347826087 0.575 0.23623188405797102 0.55625 0.23043478260869565 0.55625 0.2217391304347826 0.575 0.21739130434782608 0.6125 0.21594202898550724
0 0.4625 0.7869565217391304 0.48125 0.7884057971014493 0.49375 0.7927536231884058 0.49375 0.8028985507246377 0.48125 0.8072463768115942 0.44375 0.8101449275362319 0.425 0.8101449275362319 0.39375 0.8043478260869565 0.3875 0.8014492753623188 0.3875 0.7927536231884058 0.4125 0.7869565217391304 0.45625 0.7869565217391304
0 0.46875 0.4666666666666667 0.49375 0.47101449275362317 0.49375 0.4826086956521739 0.475 0.48695652173913045 0.45625 0.48840579710144927 0.43125 0.48840579710144927 0.40625 0.4855072463768116 0.39375 0.4826086956521739 0.39375 0.47391304347826085 0.425 0.4652173913043478 0.45625 0.4652173913043478 0.4625 0.4666666666666667
0 0.61875 0.8942028985507247 0.65 0.8971014492753623 0.6625 0.9028985507246376 0.6625 0.9101449275362319 0.6375 0.9159420289855073 0.56875 0.9159420289855073 0.5375 0.908695652173913 0.54375 0.9 0.55625 0.8971014492753623 0.6125 0.8942028985507247
0 0.60625 0.7130434782608696 0.64375 0.717391304347826 0.65625 0.7217391304347827 0.65625 0.7333333333333333 0.61875 0.7405797101449275 0.6 0.7405797101449275 0.56875 0.7376811594202899 0.55 0.7318840579710145 0.55625 0.7217391304347827 0.58125 0.7144927536231884 0.6 0.7130434782608696
0 0.4875 0.18115942028985507 0.50625 0.18840579710144928 0.50625 0.1956521739130435 0.5 0.19855072463768117 0.46875 0.2028985507246377 0.4125 0.2 0.39375 0.19420289855072465 0.39375 0.18695652173913044 0.425 0.17971014492753623 0.46875 0.1782608695652174 0.48125 0.18115942028985507
0 0.31875 0.9289855072463769 0.3375 0.9347826086956522 0.34375 0.9420289855072463 0.3375 0.946376811594203 0.3 0.9521739130434783 0.26875 0.9521739130434783 0.24375 0.9492753623188406 0.23125 0.946376811594203 0.225 0.9391304347826087 0.2375 0.9318840579710145 0.25 0.9289855072463769 0.2625 0.927536231884058 0.3125 0.9289855072463769
0 0.60625 0.39420289855072466 0.6125 0.39565217391304347 0.63125 0.39565217391304347 0.6625 0.4028985507246377 0.6625 0.4101449275362319 0.64375 0.4144927536231884 0.6125 0.41739130434782606 0.575 0.41739130434782606 0.5625 0.41594202898550725 0.55 0.4101449275362319 0.55 0.4028985507246377 0.575 0.39710144927536234 0.6 0.39565217391304347
0 0.3125 0.5739130434782609 0.3375 0.5782608695652174 0.34375 0.5869565217391305 0.325 0.5927536231884057 0.3 0.5956521739130435 0.25 0.5942028985507246 0.2375 0.591304347826087 0.23125 0.5826086956521739 0.24375 0.5768115942028985 0.275 0.5739130434782609 0.30625 0.5739130434782609
0 0.64375 0.07536231884057971 0.66875 0.08115942028985507 0.66875 0.08840579710144927 0.64375 0.09565217391304348 0.625 0.09710144927536232 0.58125 0.09565217391304348 0.55625 0.08985507246376812 0.55 0.08115942028985507 0.59375 0.07246376811594203 0.6125 0.07246376811594203 0.6375 0.07536231884057971
0 0.759375 0.5144927536231884 0.11875 0.02318840579710145
0 0.30625 0.43043478260869567 0.34375 0.4391304347826087 0.34375 0.4463768115942029 0.3125 0.45362318840579713 0.275 0.45362318840579713 0.24375 0.4492753623188406 0.23125 0.4449275362318841 0.23125 0.43768115942028984 0.25625 0.43043478260869567 0.28125 0.43043478260869567 0.2875 0.4289855072463768 0.3 0.43043478260869567
0 0.3 0.10869565217391304 0.30625 0.11014492753623188 0.325 0.11014492753623188 0.35 0.11739130434782609 0.34375 0.12608695652173912 0.3125 0.1318840579710145 0.26875 0.1318840579710145 0.24375 0.1246376811594203 0.25 0.1144927536231884 0.2625 0.11159420289855072 0.29375 0.10869565217391304
0 0.3 0.6782608695652174 0.325 0.6811594202898551 0.34375 0.6898550724637681 0.3375 0.6956521739130435 0.3 0.7028985507246377 0.2625 0.7028985507246377 0.225 0.6956521739130435 0.225 0.6884057971014492 0.25625 0.6811594202898551 0.29375 0.6782608695652174
0 0.70625 0.6492753623188405 0.7375 0.644927536231884 0.79375 0.644927536231884 0.8125 0.6492753623188405 0.8125 0.6594202898550725 0.80625 0.6623188405797101 0.79375 0.6652173913043479 0.7625 0.6681159420289855 0.725 0.6666666666666666 0.7125 0.663768115942029 0.7 0.6565217391304348 0.7 0.6521739130434783 0.70625 0.6507246376811594
0 0.31875 0.32318840579710145 0.34375 0.3289855072463768 0.35 0.3347826086956522 0.3375 0.34202898550724636 0.3125 0.3463768115942029 0.275 0.3463768115942029 0.2375 0.3391304347826087 0.2375 0.3289855072463768 0.25 0.32463768115942027 0.275 0.3217391304347826 0.30625 0.3217391304347826 0.3125 0.32318840579710145
0 0.45625 0.263768115942029 0.1125 0.02318840579710145
0 0.79375 0.7536231884057971 0.80625 0.7565217391304347 0.80625 0.7695652173913043 0.7875 0.7724637681159421 0.7625 0.7724637681159421 0.75625 0.7739130434782608 0.71875 0.7739130434782608 0.70625 0.7724637681159421 0.70625 0.7594202898550725 0.725 0.7521739130434782 0.78125 0.7521739130434782 0.7875 0.7536231884057971
0 0.45625 0.5362318840579711 0.48125 0.5391304347826087 0.5 0.5449275362318841 0.5 0.553623188405797 0.46875 0.5579710144927537 0.41875 0.5579710144927537 0.39375 0.553623188405797 0.3875 0.5492753623188406 0.39375 0.5434782608695652 0.4125 0.5391304347826087 0.45 0.5362318840579711
0 0.46875 0.6086956521739131 0.49375 0.6130434782608696 0.5 0.6231884057971014 0.49375 0.6260869565217392 0.45 0.6318840579710145 0.4125 0.6304347826086957 0.3875 0.6231884057971014 0.3875 0.6173913043478261 0.4 0.6115942028985507 0.41875 0.6086956521739131 0.4625 0.6086956521739131
0 0.79375 0.8608695652173913 0.81875 0.8681159420289855 0.81875 0.8739130434782608 0.775 0.881159420289855 0.7375 0.881159420289855 0.725 0.8797101449275362 0.7125 0.8768115942028986 0.70625 0.8681159420289855 0.71875 0.8623188405797102 0.73125 0.8608695652173913 0.75 0.8594202898550725 0.7875 0.8608695652173913
0 0.46875 0.8217391304347826 0.48125 0.8231884057971014 0.49375 0.8289855072463768 0.49375 0.8391304347826087 0.45 0.8449275362318841 0.43125 0.8449275362318841 0.4 0.8420289855072464 0.38125 0.8333333333333334 0.3875 0.8318840579710145 0.3875 0.827536231884058 0.4 0.8246376811594203 0.43125 0.8217391304347826 0.4625 0.8217391304347826
0 0.61875 0.14492753623188406 0.625 0.1463768115942029 0.63125 0.14492753623188406 0.65 0.1463768115942029 0.6625 0.15072463768115943 0.66875 0.1536231884057971 0.6625 0.16376811594202897 0.625 0.1681159420289855 0.60625 0.1681159420289855 0.56875 0.16376811594202897 0.5625 0.1608695652173913 0.56875 0.15072463768115943 0.5875 0.1463768115942029 0.6125 0.1463768115942029
0 0.78125 0.28695652173913044 0.8125 0.2942028985507246 0.8125 0.30434782608695654 0.79375 0.30869565217391304 0.7625 0.3115942028985507 0.725 0.30869565217391304 0.70625 0.30434782608695654 0.70625 0.2971014492753623 0.74375 0.28695652173913044 0.775 0.28695652173913044