0 0.7637362637362637 0.45231607629427795 0.7857142857142857 0.4591280653950954 0.7857142857142857 0.4645776566757493 0.7802197802197802 0.46866485013623976 0.7472527472527473 0.47547683923705725 0.7197802197802198 0.47547683923705725 0.7032967032967034 0.47275204359673023 0.6868131868131868 0.4659400544959128 0.6868131868131868 0.46185286103542234 0.7252747252747253 0.45231607629427795 0.7362637362637363 0.45095367847411444 0.7582417582417582 0.45231607629427795
0 0.35714285714285715 0.888283378746594 0.37362637362637363 0.8937329700272479 0.37362637362637363 0.9059945504087193 0.34615384615384615 0.9114441416893733 0.3076923076923077 0.9114441416893733 0.2967032967032967 0.9100817438692098 0.2802197802197802 0.9059945504087193 0.27472527472527475 0.9005449591280654 0.31868131868131866 0.8896457765667575 0.3516483516483517 0.888283378746594
0 0.4725274725274725 0.16076294277929154 0.0989010989010989 0.021798365122615803
0 0.6153846153846154 0.2125340599455041 0.6318681318681318 0.21389645776566757 0.6593406593406593 0.22343324250681199 0.6428571428571429 0.23433242506811988 0.6153846153846154 0.23841961852861035 0.5934065934065934 0.23841961852861035 0.5714285714285714 0.2356948228882834 0.554945054945055 0.22615803814713897 0.5604395604395604 0.22070844686648503 0.5824175824175825 0.21525885558583105 0.6098901098901099 0.2125340599455041
0 0.6263736263736264 0.5204359673024523 0.6483516483516484 0.5258855585831063 0.6483516483516484 0.5326975476839237 0.6208791208791209 0.5408719346049047 0.5769230769230769 0.5408719346049047 0.554945054945055 0.5313351498637602 0.5604395604395604 0.5258855585831063 0.5769230769230769 0.5217983651226158 0.6208791208791209 0.5204359673024523
0 0.34615384615384615 0.8555858310626703 0.3791208791208791 0.8583106267029973 0.38461538461538464 0.8623978201634878 0.3791208791208791 0.8719346049046321 0.3626373626373626 0.8760217983651226 0.32967032967032966 0.8801089918256131 0.3131868131868132 0.8801089918256131 0.2857142857142857 0.8760217983651226 0.27472527472527475 0.8664850136239782 0.29120879120879123 0.8596730245231607 0.3131868131868132 0.8569482288828338 0.34065934065934067 0.8569482288828338
0 0.6263736263736264 0.723433242506812 0.6538461538461539 0.728882833787466 0.6538461538461539 0.7370572207084468 0.6208791208791209 0.7425068119891008 0.5769230769230769 0.7425068119891008 0.554945054945055 0.7384196185286104 0.5494505494505495 0.7343324250681199 0.554945054945055 0.728882833787466 0.5714285714285714 0.7247956403269755 0.5824175824175825 0.723433242506812 0.6208791208791209 0.723433242506812
0 0.46703296703296704 0.49795640326975477 0.0989010989010989 0.02316076294277929
0 0.489010989010989 0.3542234332425068 0.510989010989011 0.35967302452316074 0.510989010989011 0.36648501362397823 0.5 0.37193460490463215 0.4835164835164835 0.3746594005449591 0.45604395604395603 0.37329700272479566 0.42857142857142855 0.3637602179836512 0.42857142857142855 0.3583106267029973 0.44505494505494503 0.35149863760217986 0.4725274725274725 0.35149863760217986 0.4835164835164835 0.3542234332425068
0 0.3516483516483517 0.385558583106267 0.37362637362637363 0.391008174386921 0.3791208791208791 0.3991825613079019 0.35714285714285715 0.40463215258855584 0.34065934065934067 0.40599455040871935 0.3076923076923077 0.40463215258855584 0.2857142857142857 0.3978201634877384 0.2857142857142857 0.3923705722070845 0.3076923076923077 0.385558583106267 0.34615384615384615 0.385558583106267
0 0.3626373626373626 0.2847411444141689 0.38461538461538464 0.2888283378746594 0.3901098901098901 0.29836512261580383 0.36813186813186816 0.30381471389645776 0.34065934065934067 0.3065395095367847 0.2967032967032967 0.3065395095367847 0.2857142857142857 0.3010899182561308 0.2857142857142857 0.29291553133514986 0.31868131868131866 0.2847411444141689 0.35714285714285715 0.2847411444141689
0 0.6318681318681318 0.5899182561307902 0.6483516483516484 0.5967302452316077 0.6483516483516484 0.5994550408719346 0.6373626373626373 0.6062670299727521 0.6208791208791209 0.6103542234332425 0.6043956043956044 0.611716621253406 0.5769230769230769 0.611716621253406 0.5604395604395604 0.6076294277929155 0.554945054945055 0.5994550408719346 0.5604395604395604 0.5953678474114441 0.5769230769230769 0.5912806539509536 0.6043956043956044 0.5885558583106267 0.6263736263736264 0.5899182561307902
0 0.37362637362637363 0.6907356948228883 0.3791208791208791 0.6975476839237057 0.3626373626373626 0.7070844686648501 0.32967032967032966 0.7111716621253406 0.2967032967032967 0.7098092643051771 0.2857142857142857 0.7070844686648501 0.27472527472527475 0.6989100817438693 0.2857142857142857 0.6934604904632152 0.3131868131868132 0.6893732970027248 0.36813186813186816 0.6907356948228883
0 0.6263736263736264 0.08174386920980926 0.6538461538461539 0.08583106267029973 0.6703296703296703 0.09673024523160763 0.6703296703296703 0.1008174386920981 0.6428571428571429 0.10490463215258855 0.5824175824175825 0.10354223433242507 0.554945054945055 0.09536784741144415 0.5604395604395604 0.0885558583106267 0.5824175824175825 0.08310626702997276 0.6208791208791209 0.08174386920980926
0 0.3516483516483517 0.6226158038147139 0.36813186813186816 0.6267029972752044 0.37362637362637363 0.6335149863760218 0.3626373626373626 0.6389645776566758 0.34065934065934067 0.6430517711171662 0.3076923076923077 0.6430517711171662 0.29120879120879123 0.6389645776566758 0.2857142857142857 0.6280653950953679 0.3076923076923077 0.6226158038147139 0.3241758241758242 0.6212534059945504 0.34615384615384615 0.6226158038147139
0 0.4230769230769231 0.8269754768392371 0.45054945054945056 0.8228882833787466 0.4835164835164835 0.8215258855585831 0.5 0.8256130790190735 0.510989010989011 0.8337874659400545 0.489010989010989 0.8433242506811989 0.45604395604395603 0.8460490463215259 0.42857142857142855 0.8433242506811989 0.41208791208791207 0.837874659400545 0.41208791208791207 0.8310626702997275 0.4230769230769231 0.8283378746594006
0 0.4835164835164835 0.2506811989100817 0.510989010989011 0.2547683923705722 0.510989010989011 0.26294277929155313 0.4835164835164835 0.2724795640326976 0.44505494505494503 0.2724795640326976 0.4175824175824176 0.2656675749318801 0.4175824175824176 0.26021798365122617 0.4340659340659341 0.25340599455040874 0.45054945054945056 0.2506811989100817 0.47802197802197804 0.2506811989100817
0 0.3516483516483517 0.11716621253405994 0.36813186813186816 0.11852861035422343 0.38461538461538464 0.1226158038147139 0.38461538461538464 0.12942779291553133 0.35714285714285715 0.1362397820163488 0.3241758241758242 0.13896457765667575 0.3021978021978022 0.13760217983651227 0.2802197802197802 0.1335149863760218 0.2692307692307692 0.12942779291553133 0.2692307692307692 0.1226158038147139 0.2857142857142857 0.11852861035422343 0.3131868131868132 0.11580381471389646 0.34615384615384615 0.11716621253405994
0 0.7582417582417582 0.553133514986376 0.7802197802197802 0.555858310626703 0.7912087912087912 0.5640326975476839 0.7802197802197802 0.5694822888283378 0.7527472527472527 0.5762942779291553 0.7142857142857143 0.5762942779291553 0.6978021978021978 0.5735694822888283 0.6868131868131868 0.5681198910081744 0.6868131868131868 0.5640326975476839 0.7087912087912088 0.555858310626703 0.7252747252747253 0.553133514986376 0.7527472527472527 0.553133514986376
0 0.7527472527472527 0.7888283378746594 0.7857142857142857 0.7929155313351499 0.8021978021978022 0.8010899182561307 0.7967032967032966 0.8092643051771117 0.7637362637362637 0.8133514986376021 0.7307692307692307 0.8133514986376021 0.7087912087912088 0.8106267029972752 0.6868131868131868 0.8038147138964578 0.6868131868131868 0.7997275204359673 0.7032967032967034 0.7929155313351499 0.7197802197802198 0.7888283378746594 0.7472527472527473 0.7888283378746594
0 0.489010989010989 0.4196185286103542 0.5164835164835165 0.4250681198910082 0.521978021978022 0.4305177111716621 0.489010989010989 0.44005449591280654 0.4725274725274725 0.44141689373297005 0.45604395604395603 0.44141689373297005 0.42857142857142855 0.4359673024523161 0.4230769230769231 0.42370572207084467 0.45054945054945056 0.41825613079019075 0.4835164835164835 0.4196185286103542
0 0.7857142857142857 0.18528610354223432 0.7967032967032966 0.1880108991825613 0.7967032967032966 0.19482288828337874 0.7637362637362637 0.20435967302452315 0.7142857142857143 0.20435967302452315 0.7032967032967034 0.20299727520435967 0.6923076923076923 0.20027247956403268 0.6923076923076923 0.19209809264305178 0.7142857142857143 0.18664850136239783 0.7527472527472527 0.18256130790190736 0.7802197802197802 0.18528610354223432
0 0.6318681318681318 0.3188010899182561 0.6483516483516484 0.3228882833787466 0.6538461538461539 0.329700272479564 0.6428571428571429 0.335149863760218 0.6098901098901099 0.3405994550408719 0.5879120879120879 0.3405994550408719 0.5659340659340659 0.33787465940054495 0.554945054945055 0.3337874659400545 0.554945054945055 0.32833787465940056 0.5879120879120879 0.3188010899182561 0.6263736263736264 0.3188010899182561
0 0.45879120879120877 0.7677111716621253 0.09340659340659341 0.020435967302452316
0 0.489010989010989 0.6553133514986376 0.510989010989011 0.659400544959128 0.5164835164835165 0.6689373297002725 0.4945054945054945 0.6743869209809265 0.46153846153846156 0.6771117166212534 0.45604395604395603 0.6757493188010899 0.45054945054945056 0.6771117166212534 0.41208791208791207 0.6757493188010899 0.4010989010989011 0.6730245231607629 0.4010989010989011 0.6662125340599455 0.4340659340659341 0.6566757493188011 0.44505494505494503 0.6553133514986376 0.4835164835164835 0.6553133514986376