0 0.676829268292683 0.4032023289665211 0.6890243902439024 0.40756914119359533 0.6890243902439024 0.4177583697234352 0.6524390243902439 0.42503639010189226 0.6280487804878049 0.42503639010189226 0.5914634146341463 0.4192139737991266 0.5914634146341463 0.40611353711790393 0.6219512195121951 0.4017467248908297 0.6646341463414634 0.4017467248908297 0.6707317073170732 0.4032023289665211
0 0.5914634146341463 0.6550218340611353 0.6463414634146342 0.6521106259097526 0.6646341463414634 0.653566229985444 0.6829268292682927 0.6579330422125182 0.6829268292682927 0.6666666666666666 0.6524390243902439 0.6739446870451238 0.6097560975609756 0.6754002911208151 0.5975609756097561 0.6739446870451238 0.5792682926829268 0.6681222707423581 0.5792682926829268 0.6593886462882096 0.5914634146341463 0.6564774381368268
0 0.6432926829268293 0.26710334788937407 0.11585365853658537 0.024745269286754003
0 0.4817073170731707 0.7947598253275109 0.5304878048780488 0.8005822416302766 0.5304878048780488 0.8107714701601164 0.5121951219512195 0.8165938864628821 0.49390243902439024 0.8180494905385735 0.4451219512195122 0.8165938864628821 0.4329268292682927 0.8151382823871907 0.42073170731707316 0.8107714701601164 0.42073170731707316 0.8020378457059679 0.43902439024390244 0.7976710334788938 0.47560975609756095 0.7947598253275109
0 0.5060975609756098 0.438136826783115 0.5304878048780488 0.44541484716157204 0.5304878048780488 0.4512372634643377 0.5182926829268293 0.4570596797671033 0.4878048780487805 0.45997088791848617 0.4451219512195122 0.45997088791848617 0.4268292682926829 0.4556040756914119 0.42073170731707316 0.4483260553129549 0.4451219512195122 0.4395924308588064 0.4573170731707317 0.438136826783115 0.5 0.438136826783115
0 0.6524390243902439 0.868995633187773 0.6707317073170732 0.8719068413391557 0.6829268292682927 0.87627365356623 0.6829268292682927 0.8850072780203785 0.6524390243902439 0.8908296943231441 0.6341463414634146 0.8908296943231441 0.6280487804878049 0.8922852983988355 0.5975609756097561 0.8893740902474527 0.5853658536585366 0.883551673944687 0.5853658536585366 0.8733624454148472 0.6036585365853658 0.868995633187773 0.6219512195121951 0.8675400291120815 0.6402439024390244 0.8675400291120815 0.6463414634146342 0.868995633187773
0 0.8048780487804879 0.3653566229985444 0.823170731707317 0.3697234352256186 0.8353658536585366 0.3784570596797671 0.8109756097560976 0.38427947598253276 0.7926829268292683 0.38573508005822416 0.75 0.38573508005822416 0.725609756097561 0.3799126637554585 0.725609756097561 0.3726346433770015 0.7682926829268293 0.3653566229985444 0.7987804878048781 0.3653566229985444
0 0.4878048780487805 0.1848617176128093 0.5121951219512195 0.18777292576419213 0.524390243902439 0.19213973799126638 0.5182926829268293 0.20087336244541484 0.4878048780487805 0.2066957787481805 0.4695121951219512 0.2066957787481805 0.43902439024390244 0.20087336244541484 0.43902439024390244 0.18922852983988356 0.4817073170731707 0.1848617176128093
0 0.8109756097560976 0.22270742358078602 0.8292682926829268 0.22852983988355166 0.8292682926829268 0.23580786026200873 0.7804878048780488 0.2430858806404658 0.75 0.24017467248908297 0.7317073170731707 0.23435225618631733 0.7317073170731707 0.22561863173216884 0.7621951219512195 0.2197962154294032 0.7926829268292683 0.2197962154294032 0.8048780487804879 0.22270742358078602
0 0.47560975609756095 0.7736535662299855 0.10975609756097561 0.024745269286754003
0 0.6280487804878049 0.5793304221251819 0.6646341463414634 0.5822416302765647 0.7134146341463414 0.5938864628820961 0.7195121951219512 0.5997088791848617 0.7073170731707317 0.604075691411936 0.6890243902439024 0.6069868995633187 0.6097560975609756 0.604075691411936 0.573170731707317 0.5982532751091703 0.573170731707317 0.5880640465793304 0.6036585365853658 0.5807860262008734 0.6219512195121951 0.5793304221251819
0 0.35365853658536583 0.6885007278020379 0.3780487804878049 0.6972343522561864 0.3780487804878049 0.7030567685589519 0.35365853658536583 0.710334788937409 0.3353658536585366 0.710334788937409 0.32926829268292684 0.7117903930131004 0.31097560975609756 0.7117903930131004 0.2865853658536585 0.7074235807860262 0.2804878048780488 0.7045123726346434 0.2804878048780488 0.6957787481804949 0.2926829268292683 0.6914119359534207 0.3170731707317073 0.6885007278020379 0.3475609756097561 0.6885007278020379
0 0.6524390243902439 0.07714701601164484 0.6707317073170732 0.08442503639010189 0.6707317073170732 0.09170305676855896 0.6646341463414634 0.09461426491994178 0.6402439024390244 0.09898107714701601 0.6097560975609756 0.09898107714701601 0.5975609756097561 0.0975254730713246 0.5792682926829268 0.09170305676855896 0.5792682926829268 0.08442503639010189 0.5853658536585366 0.08005822416302766 0.6097560975609756 0.07569141193595343 0.6402439024390244 0.07569141193595343 0.6463414634146342 0.07714701601164484
0 0.5060975609756098 0.5109170305676856 0.524390243902439 0.5167394468704513 0.524390243902439 0.5240174672489083 0.5182926829268293 0.5269286754002911 0.5 0.529839883551674 0.4573170731707317 0.529839883551674 0.43902439024390244 0.5254730713245997 0.4329268292682927 0.5211062590975255 0.4329268292682927 0.5138282387190685 0.45121951219512196 0.5094614264919942 0.49390243902439024 0.5094614264919942 0.5 0.5109170305676856
0 0.6402439024390244 0.9024745269286754 0.6829268292682927 0.9082969432314411 0.6829268292682927 0.9184861717612809 0.676829268292683 0.9213973799126638 0.6402439024390244 0.9286754002911208 0.6158536585365854 0.9286754002911208 0.5670731707317073 0.9184861717612809 0.5670731707317073 0.9112081513828238 0.5914634146341463 0.9053857350800583 0.6341463414634146 0.9024745269286754
0 0.34146341463414637 0.28820960698689957 0.35365853658536583 0.28966521106259097 0.3719512195121951 0.2954876273653566 0.3780487804878049 0.31004366812227074 0.3353658536585366 0.3173216885007278 0.29878048780487804 0.314410480349345 0.2804878048780488 0.31149927219796214 0.2682926829268293 0.3071324599708879 0.2682926829268293 0.29985443959243085 0.2804878048780488 0.2954876273653566 0.3353658536585366 0.28820960698689957
0 0.35365853658536583 0.8311499272197962 0.38414634146341464 0.8355167394468704 0.3902439024390244 0.8384279475982532 0.3902439024390244 0.8457059679767104 0.36585365853658536 0.8529839883551674 0.34146341463414637 0.8558951965065502 0.31097560975609756 0.8558951965065502 0.2865853658536585 0.8500727802037845 0.2804878048780488 0.8398835516739447 0.2926829268292683 0.834061135371179 0.3475609756097561 0.8311499272197962
0 0.4451219512195122 0.15138282387190685 0.4573170731707317 0.14992721979621543 0.5 0.14992721979621543 0.5121951219512195 0.15138282387190685 0.5304878048780488 0.1572052401746725 0.524390243902439 0.16593886462882096 0.4817073170731707 0.1703056768558952 0.43902439024390244 0.16593886462882096 0.43902439024390244 0.15429403202328967 0.4451219512195122 0.15283842794759825
0 0.34146341463414637 0.5458515283842795 0.36585365853658536 0.5487627365356623 0.3780487804878049 0.5545851528384279 0.36585365853658536 0.5633187772925764 0.3475609756097561 0.5662299854439592 0.3048780487804878 0.5662299854439592 0.2926829268292683 0.5647743813682679 0.2804878048780488 0.5604075691411936 0.2804878048780488 0.5502183406113537 0.3048780487804878 0.5458515283842795 0.3353658536585366 0.5458515283842795
0 0.4817073170731707 0.6171761280931587 0.4878048780487805 0.61863173216885 0.5060975609756098 0.61863173216885 0.524390243902439 0.6244541484716157 0.524390243902439 0.6317321688500728 0.5182926829268293 0.6346433770014556 0.49390243902439024 0.6390101892285298 0.4573170731707317 0.6390101892285298 0.4268292682926829 0.6331877729257642 0.4268292682926829 0.6244541484716157 0.4329268292682927 0.6215429403202329 0.4451219512195122 0.61863173216885 0.47560975609756095 0.6171761280931587
0 0.5 0.9403202328966521 0.524390243902439 0.9475982532751092 0.524390243902439 0.9563318777292577 0.4878048780487805 0.9636098981077147 0.4573170731707317 0.9636098981077147 0.4451219512195122 0.9621542940320232 0.4268292682926829 0.9563318777292577 0.4268292682926829 0.9490538573508006 0.4329268292682927 0.9446870451237264 0.45121951219512196 0.9403202328966521 0.49390243902439024 0.9403202328966521
0 0.8048780487804879 0.47307132459970885 0.8292682926829268 0.47889374090247455 0.8292682926829268 0.487627365356623 0.7987804878048781 0.49199417758369723 0.75 0.49199417758369723 0.7317073170731707 0.487627365356623 0.7317073170731707 0.48180494905385735 0.7560975609756098 0.4745269286754003 0.7682926829268293 0.47307132459970885 0.7987804878048781 0.47307132459970885
0 0.6219512195121951 0.7234352256186317 0.6280487804878049 0.7248908296943232 0.6463414634146342 0.7234352256186317 0.676829268292683 0.727802037845706 0.6829268292682927 0.7307132459970888 0.6829268292682927 0.7409024745269287 0.6585365853658537 0.745269286754003 0.6158536585365854 0.7467248908296943 0.5853658536585366 0.7379912663755459 0.5853658536585366 0.7307132459970888 0.6158536585365854 0.7248908296943232
0 0.6646341463414634 0.3304221251819505 0.676829268292683 0.33478893740902477 0.676829268292683 0.34643377001455605 0.6524390243902439 0.3508005822416303 0.5853658536585366 0.34788937409024745 0.5792682926829268 0.34643377001455605 0.5792682926829268 0.33770014556040756 0.6036585365853658 0.3304221251819505 0.6219512195121951 0.3289665211062591 0.6524390243902439 0.3289665211062591 0.6585365853658537 0.3304221251819505
0 0.7865853658536586 0.11353711790393013 0.8170731707317073 0.11644832605531295 0.8292682926829268 0.12081513828238719 0.8292682926829268 0.12954876273653565 0.8170731707317073 0.1324599708879185 0.774390243902439 0.13682678311499272 0.7439024390243902 0.1339155749636099 0.725609756097561 0.12809315866084425 0.725609756097561 0.1222707423580786 0.7560975609756098 0.11353711790393013 0.7682926829268293 0.11208151382823872 0.7804878048780488 0.11353711790393013