0 0.3684210526315789 0.42939481268011526 0.37593984962406013 0.4322766570605187 0.37593984962406013 0.4438040345821326 0.3383458646616541 0.44812680115273773 0.2857142857142857 0.44812680115273773 0.2706766917293233 0.44668587896253603 0.24812030075187969 0.4423631123919308 0.24812030075187969 0.43371757925072046 0.2706766917293233 0.42795389048991356 0.2932330827067669 0.4265129682997118 0.3533834586466165 0.42795389048991356 0.3609022556390977 0.42939481268011526
0 0.706766917293233 0.4596541786743516 0.7443609022556391 0.46397694524495675 0.7593984962406015 0.46829971181556196 0.7593984962406015 0.4755043227665706 0.7518796992481203 0.4783861671469741 0.706766917293233 0.484149855907781 0.6766917293233082 0.484149855907781 0.6390977443609023 0.47982708933717577 0.631578947368421 0.4769452449567723 0.6390977443609023 0.4668587896253602 0.6616541353383458 0.46253602305475505 0.6992481203007519 0.4610951008645533
0 0.7293233082706767 0.6397694524495677 0.7518796992481203 0.6426512968299711 0.7669172932330827 0.6469740634005764 0.7669172932330827 0.6527377521613833 0.7518796992481203 0.6585014409221902 0.7142857142857143 0.6628242074927954 0.6917293233082706 0.6628242074927954 0.6691729323308271 0.659942363112392 0.6541353383458647 0.659942363112392 0.631578947368421 0.654178674351585 0.631578947368421 0.6469740634005764 0.6466165413533834 0.6426512968299711 0.6691729323308271 0.6397694524495677 0.7218045112781954 0.6397694524495677
0 0.7218045112781954 0.7824207492795389 0.7368421052631579 0.7838616714697406 0.7593984962406015 0.7896253602305475 0.7593984962406015 0.7997118155619597 0.7293233082706767 0.8054755043227666 0.6691729323308271 0.8054755043227666 0.6541353383458647 0.8040345821325648 0.6390977443609023 0.8011527377521613 0.6240601503759399 0.7939481268011528 0.6390977443609023 0.7853025936599424 0.6616541353383458 0.7824207492795389 0.7142857142857143 0.7824207492795389
0 0.7218045112781954 0.2838616714697406 0.7593984962406015 0.2896253602305475 0.7593984962406015 0.3011527377521614 0.7443609022556391 0.30403458213256485 0.6992481203007519 0.3069164265129683 0.6466165413533834 0.30403458213256485 0.631578947368421 0.29827089337175794 0.631578947368421 0.29250720461095103 0.6541353383458647 0.28530259365994237 0.7142857142857143 0.2838616714697406
0 0.5413533834586466 0.7478386167146974 0.5639097744360902 0.7536023054755043 0.5639097744360902 0.7622478386167147 0.5413533834586466 0.7665706051873199 0.49624060150375937 0.7694524495677233 0.46616541353383456 0.7680115273775217 0.44360902255639095 0.7636887608069164 0.43609022556390975 0.7550432276657061 0.45112781954887216 0.7492795389048992 0.46616541353383456 0.7478386167146974 0.48872180451127817 0.7463976945244957 0.5338345864661654 0.7478386167146974
0 0.3533834586466165 0.10662824207492795 0.37593984962406013 0.11671469740634005 0.3684210526315789 0.11815561959654179 0.3684210526315789 0.12247838616714697 0.3458646616541353 0.12680115273775217 0.2781954887218045 0.12680115273775217 0.24812030075187969 0.11959654178674352 0.24812030075187969 0.11527377521613832 0.2706766917293233 0.10662824207492795 0.2857142857142857 0.10518731988472622 0.3383458646616541 0.10518731988472622 0.3458646616541353 0.10662824207492795
0 0.5112781954887218 0.569164265129683 0.556390977443609 0.5720461095100865 0.5789473684210527 0.5806916426512968 0.5714285714285714 0.5850144092219021 0.5338345864661654 0.590778097982709 0.46616541353383456 0.5893371757925072 0.44360902255639095 0.5835734870317003 0.44360902255639095 0.5749279538904899 0.46616541353383456 0.5706051873198847 0.5037593984962406 0.569164265129683
0 0.556390977443609 0.1786743515850144 0.5714285714285714 0.1844380403458213 0.5714285714285714 0.19020172910662825 0.5488721804511278 0.19596541786743515 0.5338345864661654 0.19596541786743515 0.518796992481203 0.1988472622478386 0.46616541353383456 0.19596541786743515 0.45112781954887216 0.1930835734870317 0.44360902255639095 0.18587896253602307 0.46616541353383456 0.1786743515850144 0.48872180451127817 0.17723342939481268 0.5413533834586466 0.17723342939481268 0.5488721804511278 0.1786743515850144
0 0.5263157894736842 0.7103746397694525 0.5413533834586466 0.7118155619596542 0.5639097744360902 0.7175792507204611 0.5639097744360902 0.7276657060518732 0.556390977443609 0.7305475504322767 0.5112781954887218 0.7348703170028819 0.46616541353383456 0.7334293948126801 0.45112781954887216 0.7305475504322767 0.43609022556390975 0.7247838616714697 0.43609022556390975 0.7190201729106628 0.45112781954887216 0.7132564841498559 0.48120300751879697 0.7103746397694525 0.518796992481203 0.7103746397694525
0 0.9097744360902256 0.3184438040345821 0.9398496240601504 0.3227665706051873 0.9548872180451128 0.3314121037463977 0.9473684210526315 0.3357348703170029 0.9097744360902256 0.3414985590778098 0.8421052631578947 0.3414985590778098 0.8120300751879699 0.33429394812680113 0.8120300751879699 0.3285302593659942 0.8421052631578947 0.32132564841498557 0.8796992481203008 0.3184438040345821 0.9022556390977443 0.3184438040345821
0 0.3458646616541353 0.3919308357348703 0.3609022556390977 0.39337175792507206 0.37593984962406013 0.39913544668587897 0.37593984962406013 0.40634005763688763 0.3233082706766917 0.41354466858789624 0.2857142857142857 0.41354466858789624 0.2631578947368421 0.4106628242074928 0.24060150375939848 0.40634005763688763 0.24060150375939848 0.39913544668587897 0.2706766917293233 0.3919308357348703 0.2932330827067669 0.3904899135446686 0.3308270676691729 0.3904899135446686 0.3383458646616541 0.3919308357348703
0 0.3082706766917293 0.24639769452449567 0.3157894736842105 0.2478386167146974 0.3458646616541353 0.2478386167146974 0.37593984962406013 0.2564841498559078 0.37593984962406013 0.26368876080691644 0.3609022556390977 0.2680115273775216 0.3458646616541353 0.26945244956772335 0.2781954887218045 0.26945244956772335 0.2556390977443609 0.26512968299711814 0.24812030075187969 0.2622478386167147 0.2556390977443609 0.2521613832853026 0.2781954887218045 0.2478386167146974 0.3007518796992481 0.2478386167146974
0 0.8345864661654135 0.8731988472622478 0.8195488721804511 0.8688760806916427 0.8120300751879699 0.861671469740634 0.8421052631578947 0.8544668587896254 0.8646616541353384 0.8530259365994236 0.9172932330827067 0.8530259365994236 0.9473684210526315 0.861671469740634 0.9473684210526315 0.8688760806916427 0.9097744360902256 0.8746397694524496 0.849624060150376 0.8746397694524496 0.8421052631578947 0.8731988472622478
0 0.7293233082706767 0.5 0.7593984962406015 0.5057636887608069 0.7593984962406015 0.5144092219020173 0.7142857142857143 0.5201729106628242 0.6842105263157895 0.5201729106628242 0.6616541353383458 0.5172910662824207 0.6390977443609023 0.5072046109510087 0.6541353383458647 0.5 0.6766917293233082 0.49855907780979825 0.7142857142857143 0.49855907780979825 0.7218045112781954 0.5
0 0.6917293233082706 0.069164265129683 0.6992481203007519 0.07060518731988473 0.706766917293233 0.069164265129683 0.7293233082706767 0.07060518731988473 0.7593984962406015 0.07492795389048991 0.7593984962406015 0.08789625360230548 0.7142857142857143 0.09221902017291066 0.6766917293233082 0.09221902017291066 0.6390977443609023 0.08645533141210375 0.6390977443609023 0.08213256484149856 0.631578947368421 0.08069164265129683 0.6466165413533834 0.07348703170028818 0.6842105263157895 0.069164265129683
0 0.556390977443609 0.5345821325648416 0.5639097744360902 0.5360230547550432 0.5639097744360902 0.5446685878962536 0.5714285714285714 0.5461095100864554 0.5639097744360902 0.5504322766570605 0.5488721804511278 0.553314121037464 0.5112781954887218 0.5561959654178674 0.45864661654135336 0.5547550432276657 0.43609022556390975 0.5504322766570605 0.42857142857142855 0.5461095100864554 0.43609022556390975 0.5389048991354467 0.45112781954887216 0.5360230547550432 0.46616541353383456 0.5360230547550432 0.48872180451127817 0.5331412103746398 0.5413533834586466 0.5331412103746398 0.5488721804511278 0.5345821325648416
0 0.3533834586466165 0.6066282420749279 0.37593984962406013 0.6152737752161384 0.3684210526315789 0.622478386167147 0.3458646616541353 0.6268011527377522 0.3233082706766917 0.6268011527377522 0.3157894736842105 0.6282420749279539 0.2857142857142857 0.6268011527377522 0.2556390977443609 0.622478386167147 0.24812030075187969 0.6195965417867435 0.24812030075187969 0.6123919308357348 0.2556390977443609 0.6095100864553314 0.2857142857142857 0.6051873198847262 0.3383458646616541 0.6051873198847262 0.3458646616541353 0.6066282420749279
0 0.3157894736842105 0.9236311239193083 0.3533834586466165 0.9279538904899135 0.3684210526315789 0.9337175792507204 0.3609022556390977 0.9409221902017291 0.3308270676691729 0.9452449567723343 0.2556390977443609 0.9452449567723343 0.23308270676691728 0.9380403458213257 0.23308270676691728 0.930835734870317 0.2556390977443609 0.9265129682997119 0.2857142857142857 0.9236311239193083 0.3082706766917293 0.9236311239193083
0 0.8834586466165414 0.6880403458213257 0.14285714285714285 0.024495677233429394
0 0.924812030075188 0.3573487031700288 0.9624060150375939 0.3645533141210375 0.9699248120300752 0.3688760806916426 0.9473684210526315 0.3746397694524496 0.9097744360902256 0.37752161383285304 0.849624060150376 0.3760806916426513 0.8270676691729323 0.3703170028818444 0.8270676691729323 0.361671469740634 0.8796992481203008 0.35446685878962536 0.9172932330827067 0.3573487031700288
0 0.8270676691729323 0.9077809798270894 0.8120300751879699 0.9034582132564841 0.8120300751879699 0.8976945244956772 0.8195488721804511 0.8948126801152738 0.8571428571428571 0.8890489913544669 0.9172932330827067 0.8904899135446686 0.9398496240601504 0.8948126801152738 0.9398496240601504 0.9063400576368876 0.9172932330827067 0.9106628242074928 0.8646616541353384 0.9106628242074928 0.8345864661654135 0.9077809798270894
0 0.8872180451127819 0.15273775216138327 0.12030075187969924 0.023054755043227664
0 0.5263157894736842 0.8170028818443804 0.5639097744360902 0.8213256484149856 0.5789473684210527 0.8270893371757925 0.5789473684210527 0.8314121037463977 0.5488721804511278 0.8371757925072046 0.5112781954887218 0.840057636887608 0.46616541353383456 0.8386167146974063 0.45112781954887216 0.8357348703170029 0.43609022556390975 0.8270893371757925 0.44360902255639095 0.8227665706051873 0.46616541353383456 0.8184438040345822 0.48120300751879697 0.8170028818443804 0.518796992481203 0.8170028818443804
0 0.6466165413533834 0.2334293948126801 0.631578947368421 0.2276657060518732 0.631578947368421 0.21902017291066284 0.6766917293233082 0.21181556195965417 0.7293233082706767 0.21181556195965417 0.7518796992481203 0.21613832853025935 0.7669172932330827 0.22622478386167147 0.7593984962406015 0.23054755043227665 0.7293233082706767 0.23487031700288186 0.6691729323308271 0.23487031700288186 0.6541353383458647 0.2334293948126801