0 0.9015151515151515 0.6681159420289855 0.9090909090909091 0.6695652173913044 0.9242424242424242 0.6681159420289855 0.946969696969697 0.6695652173913044 0.9696969696969697 0.6782608695652174 0.9696969696969697 0.6840579710144927 0.9318181818181818 0.6898550724637681 0.8712121212121212 0.6898550724637681 0.8409090909090909 0.6826086956521739 0.8409090909090909 0.6753623188405797 0.8484848484848485 0.672463768115942 0.8636363636363636 0.6695652173913044 0.8939393939393939 0.6681159420289855
0 0.946969696969697 0.5246376811594203 0.9621212121212122 0.5260869565217391 0.9772727272727273 0.5318840579710145 0.9772727272727273 0.5391304347826087 0.9545454545454546 0.5449275362318841 0.9242424242424242 0.5478260869565217 0.8712121212121212 0.5463768115942029 0.8560606060606061 0.5434782608695652 0.8484848484848485 0.5362318840579711 0.8560606060606061 0.5347826086956522 0.8560606060606061 0.5304347826086957 0.8863636363636364 0.5246376811594203 0.9393939393939394 0.5246376811594203
0 0.7727272727272727 0.45362318840579713 0.7954545454545454 0.4608695652173913 0.7954545454545454 0.46956521739130436 0.7727272727272727 0.47391304347826085 0.7348484848484849 0.47681159420289854 0.7196969696969697 0.47681159420289854 0.6742424242424242 0.47101449275362317 0.6666666666666666 0.4623188405797101 0.6818181818181818 0.45652173913043476 0.7196969696969697 0.45217391304347826 0.7575757575757576 0.45217391304347826 0.7651515151515151 0.45362318840579713
0 0.75 0.8101449275362319 0.7878787878787878 0.8144927536231884 0.7954545454545454 0.8260869565217391 0.7727272727272727 0.8318840579710145 0.7348484848484849 0.8347826086956521 0.6818181818181818 0.8318840579710145 0.6590909090909091 0.8260869565217391 0.6590909090909091 0.8202898550724638 0.6893939393939394 0.8130434782608695 0.7196969696969697 0.8101449275362319 0.7424242424242424 0.8101449275362319
0 0.6893939393939394 0.20434782608695654 0.7196969696969697 0.20144927536231885 0.7575757575757576 0.20144927536231885 0.7878787878787878 0.20434782608695654 0.803030303030303 0.21159420289855072 0.803030303030303 0.21884057971014492 0.7803030303030303 0.2246376811594203 0.7045454545454546 0.22608695652173913 0.6818181818181818 0.22318840579710145 0.6666666666666666 0.21594202898550724 0.6666666666666666 0.21304347826086956 0.6893939393939394 0.20579710144927535
0 0.5681818181818182 0.41739130434782606 0.5984848484848485 0.4217391304347826 0.6060606060606061 0.4246376811594203 0.6060606060606061 0.4318840579710145 0.5909090909090909 0.43623188405797103 0.5606060606060606 0.4405797101449275 0.5075757575757576 0.4405797101449275 0.4696969696969697 0.43478260869565216 0.4772727272727273 0.42318840579710143 0.5075757575757576 0.41739130434782606 0.5606060606060606 0.41739130434782606
0 0.5606060606060606 0.13043478260869565 0.5984848484848485 0.13623188405797101 0.6060606060606061 0.14057971014492754 0.5984848484848485 0.1492753623188406 0.5606060606060606 0.1536231884057971 0.5075757575757576 0.1536231884057971 0.4772727272727273 0.1463768115942029 0.4772727272727273 0.13768115942028986 0.48484848484848486 0.13478260869565217 0.5151515151515151 0.13043478260869565 0.553030303030303 0.13043478260869565
0 0.9015151515151515 0.6318840579710145 0.9090909090909091 0.6333333333333333 0.9166666666666666 0.6318840579710145 0.9393939393939394 0.6333333333333333 0.9621212121212122 0.636231884057971 0.9696969696969697 0.6391304347826087 0.9621212121212122 0.6463768115942029 0.9318181818181818 0.6521739130434783 0.9090909090909091 0.6536231884057971 0.8712121212121212 0.6521739130434783 0.8560606060606061 0.644927536231884 0.8560606060606061 0.6376811594202898 0.8787878787878788 0.6333333333333333 0.8939393939393939 0.6333333333333333
0 0.9393939393939394 0.16666666666666666 0.9772727272727273 0.17101449275362318 0.9848484848484849 0.17391304347826086 0.9848484848484849 0.1826086956521739 0.9621212121212122 0.18840579710144928 0.9166666666666666 0.19130434782608696 0.9090909090909091 0.18985507246376812 0.8863636363636364 0.18985507246376812 0.8636363636363636 0.1855072463768116 0.8560606060606061 0.1826086956521739 0.8560606060606061 0.17246376811594202 0.8636363636363636 0.16956521739130434 0.8939393939393939 0.16666666666666666 0.9318181818181818 0.16666666666666666
0 0.38636363636363635 0.49130434782608695 0.4166666666666667 0.4985507246376812 0.4166666666666667 0.5057971014492754 0.4015151515151515 0.5101449275362319 0.3560606060606061 0.5130434782608696 0.3181818181818182 0.5130434782608696 0.29545454545454547 0.5101449275362319 0.2803030303030303 0.5043478260869565 0.2803030303030303 0.4971014492753623 0.30303030303030304 0.49130434782608695 0.3409090909090909 0.48840579710144927 0.3787878787878788 0.49130434782608695
0 0.5757575757575758 0.8492753623188406 0.5984848484848485 0.855072463768116 0.5984848484848485 0.8623188405797102 0.5757575757575758 0.8681159420289855 0.5454545454545454 0.8710144927536232 0.5 0.8710144927536232 0.48484848484848486 0.8695652173913043 0.4621212121212121 0.8623188405797102 0.4621212121212121 0.8579710144927536 0.4696969696969697 0.8536231884057971 0.5075757575757576 0.8478260869565217 0.5606060606060606 0.8478260869565217 0.5681818181818182 0.8492753623188406
0 0.75 0.5608695652173913 0.7651515151515151 0.5623188405797102 0.7878787878787878 0.5681159420289855 0.7878787878787878 0.5782608695652174 0.7803030303030303 0.5811594202898551 0.75 0.5840579710144927 0.7121212121212122 0.5840579710144927 0.6818181818181818 0.5811594202898551 0.6666666666666666 0.5768115942028985 0.6666666666666666 0.5681159420289855 0.6818181818181818 0.563768115942029 0.7045454545454546 0.5608695652173913 0.7424242424242424 0.5608695652173913
0 0.75 0.09420289855072464 0.7803030303030303 0.09710144927536232 0.803030303030303 0.10289855072463767 0.803030303030303 0.11014492753623188 0.75 0.11884057971014493 0.7196969696969697 0.11884057971014493 0.6666666666666666 0.11159420289855072 0.6666666666666666 0.10289855072463767 0.6742424242424242 0.1 0.7196969696969697 0.09420289855072464 0.7424242424242424 0.09420289855072464
0 0.946969696969697 0.5971014492753624 0.9696969696969697 0.6014492753623188 0.9696969696969697 0.6130434782608696 0.9393939393939394 0.618840579710145 0.9166666666666666 0.6202898550724638 0.8787878787878788 0.618840579710145 0.8484848484848485 0.6130434782608696 0.8409090909090909 0.6057971014492753 0.8636363636363636 0.5985507246376811 0.9393939393939394 0.5971014492753624
0 0.5909090909090909 0.3855072463768116 0.6060606060606061 0.391304347826087 0.5984848484848485 0.4 0.553030303030303 0.4057971014492754 0.49242424242424243 0.4043478260869565 0.4772727272727273 0.40144927536231884 0.4772727272727273 0.3898550724637681 0.49242424242424243 0.3855072463768116 0.5378787878787878 0.38115942028985506 0.5681818181818182 0.3826086956521739 0.5833333333333334 0.3855072463768116
0 0.3560606060606061 0.30869565217391304 0.36363636363636365 0.3101449275362319 0.38636363636363635 0.3101449275362319 0.4090909090909091 0.3159420289855073 0.4090909090909091 0.32753623188405795 0.4015151515151515 0.33043478260869563 0.3787878787878788 0.3333333333333333 0.32575757575757575 0.3333333333333333 0.29545454545454547 0.3289855072463768 0.2878787878787879 0.32608695652173914 0.2878787878787879 0.3188405797101449 0.30303030303030304 0.3130434782608696 0.3484848484848485 0.3101449275362319
0 0.553030303030303 0.34492753623188405 0.5984848484848485 0.3521739130434783 0.6060606060606061 0.35507246376811596 0.6060606060606061 0.36231884057971014 0.5984848484848485 0.3652173913043478 0.5378787878787878 0.3695652173913043 0.5151515151515151 0.36666666666666664 0.5 0.36666666666666664 0.4772727272727273 0.36231884057971014 0.4696969696969697 0.35507246376811596 0.5075757575757576 0.34492753623188405 0.5454545454545454 0.34492753623188405
0 0.7727272727272727 0.7768115942028986 0.7954545454545454 0.782608695652174 0.7954545454545454 0.7913043478260869 0.7575757575757576 0.7985507246376812 0.7196969696969697 0.7985507246376812 0.6818181818181818 0.7956521739130434 0.6666666666666666 0.7927536231884058 0.6590909090909091 0.7869565217391304 0.6742424242424242 0.7797101449275362 0.6893939393939394 0.7768115942028986 0.7045454545454546 0.7753623188405797 0.7575757575757576 0.7753623188405797 0.7651515151515151 0.7768115942028986
0 0.3939393939393939 0.2391304347826087 0.4166666666666667 0.24492753623188407 0.4166666666666667 0.2536231884057971 0.4090909090909091 0.2565217391304348 0.3712121212121212 0.26231884057971017 0.3333333333333333 0.26231884057971017 0.3181818181818182 0.2608695652173913 0.2878787878787879 0.25507246376811593 0.2803030303030303 0.25072463768115943 0.2878787878787879 0.2492753623188406 0.2878787878787879 0.24347826086956523 0.3106060606060606 0.2391304347826087 0.3333333333333333 0.2391304347826087 0.3409090909090909 0.23768115942028986 0.3787878787878788 0.23768115942028986 0.38636363636363635 0.2391304347826087
0 0.9545454545454546 0.7057971014492753 0.9696969696969697 0.7130434782608696 0.9696969696969697 0.7231884057971014 0.9545454545454546 0.7231884057971014 0.9318181818181818 0.7260869565217392 0.8863636363636364 0.7260869565217392 0.8636363636363636 0.7231884057971014 0.8484848484848485 0.7231884057971014 0.8409090909090909 0.7217391304347827 0.8409090909090909 0.7144927536231884 0.8560606060606061 0.7086956521739131 0.8863636363636364 0.7043478260869566 0.9393939393939394 0.7043478260869566 0.946969696969697 0.7057971014492753
0 0.4621212121212121 0.7507246376811594 0.4696969696969697 0.7463768115942029 0.5151515151515151 0.7391304347826086 0.5757575757575758 0.7405797101449275 0.5984848484848485 0.7478260869565218 0.5984848484848485 0.755072463768116 0.5757575757575758 0.7608695652173914 0.5227272727272727 0.763768115942029 0.5 0.7623188405797101 0.4772727272727273 0.7579710144927536 0.4696969696969697 0.7521739130434782
0 0.5378787878787878 0.9173913043478261 0.5757575757575758 0.9202898550724637 0.5984848484848485 0.927536231884058 0.5984848484848485 0.9347826086956522 0.553030303030303 0.9420289855072463 0.5075757575757576 0.9420289855072463 0.4696969696969697 0.9333333333333333 0.4696969696969697 0.9260869565217391 0.4772727272727273 0.9231884057971015 0.49242424242424243 0.9202898550724637 0.5303030303030303 0.9173913043478261
0 0.9318181818181818 0.8826086956521739 0.946969696969697 0.8840579710144928 0.9772727272727273 0.8913043478260869 0.9772727272727273 0.9014492753623189 0.9090909090909091 0.9072463768115943 0.8712121212121212 0.9072463768115943 0.8560606060606061 0.9057971014492754 0.8409090909090909 0.9 0.8409090909090909 0.8956521739130435 0.8484848484848485 0.8942028985507247 0.8484848484848485 0.8898550724637682 0.8712121212121212 0.8840579710144928 0.8863636363636364 0.8826086956521739 0.9242424242424242 0.8826086956521739
0 0.946969696969697 0.05652173913043478 0.9696969696969697 0.06086956521739131 0.9848484848484849 0.07101449275362319 0.9696969696969697 0.0782608695652174 0.9393939393939394 0.08260869565217391 0.8863636363636364 0.08260869565217391 0.8636363636363636 0.07971014492753623 0.8560606060606061 0.07536231884057971 0.8560606060606061 0.06666666666666667 0.8712121212121212 0.06231884057971015 0.9015151515151515 0.057971014492753624 0.9393939393939394 0.05652173913043478
0 0.946969696969697 0.27391304347826084 0.9621212121212122 0.2753623188405797 0.9772727272727273 0.2797101449275362 0.9772727272727273 0.29130434782608694 0.946969696969697 0.2971014492753623 0.9242424242424242 0.2985507246376812 0.8787878787878788 0.2971014492753623 0.8560606060606061 0.29130434782608694 0.8484848484848485 0.2855072463768116 0.8636363636363636 0.2782608695652174 0.8787878787878788 0.2753623188405797 0.9090909090909091 0.27246376811594203 0.9393939393939394 0.27391304347826084