0 0.6838709677419355 0.43061516452074394 0.7161290322580646 0.43776824034334766 0.7161290322580646 0.44635193133047213 0.6903225806451613 0.45064377682403434 0.6645161290322581 0.45064377682403434 0.6580645161290323 0.4520743919885551 0.6258064516129033 0.4492131616595136 0.6129032258064516 0.44635193133047213 0.6064516129032258 0.43776824034334766 0.6193548387096774 0.43204577968526464 0.632258064516129 0.43061516452074394 0.6774193548387096 0.43061516452074394
0 0.3548387096774194 0.8183118741058655 0.38064516129032255 0.8226037195994278 0.3870967741935484 0.8311874105865522 0.34838709677419355 0.8397711015736766 0.3096774193548387 0.8397711015736766 0.2709677419354839 0.8340486409155937 0.2709677419354839 0.8254649499284692 0.2903225806451613 0.8197424892703863 0.3096774193548387 0.8168812589413448 0.3419354838709677 0.8168812589413448 0.34838709677419355 0.8183118741058655
0 0.5225806451612903 0.748211731044349 0.5483870967741935 0.753934191702432 0.5483870967741935 0.7639484978540773 0.5419354838709678 0.7668097281831188 0.5096774193548387 0.771101573676681 0.49032258064516127 0.771101573676681 0.45161290322580644 0.7668097281831188 0.43870967741935485 0.7625178826895566 0.43870967741935485 0.7553648068669528 0.4774193548387097 0.7467811158798283 0.5096774193548387 0.7467811158798283 0.5161290322580645 0.748211731044349
0 0.36774193548387096 0.11158798283261803 0.3935483870967742 0.12017167381974249 0.3935483870967742 0.12446351931330472 0.3548387096774194 0.13304721030042918 0.3225806451612903 0.13304721030042918 0.2903225806451613 0.12875536480686695 0.2838709677419355 0.12589413447782546 0.2838709677419355 0.11587982832618025 0.3032258064516129 0.11158798283261803 0.32903225806451614 0.11158798283261803 0.33548387096774196 0.11015736766809728 0.3548387096774194 0.11015736766809728 0.36129032258064514 0.11158798283261803
0 0.6612903225806451 0.9012875536480687 0.12258064516129032 0.022889842632331903
0 0.6838709677419355 0.39628040057224606 0.6838709677419355 0.4062947067238913 0.6903225806451613 0.40772532188841204 0.6967741935483871 0.4062947067238913 0.6967741935483871 0.4005722460658083 0.7096774193548387 0.4005722460658083 0.7096774193548387 0.40772532188841204 0.6709677419354839 0.41630901287553645 0.632258064516129 0.41630901287553645 0.6129032258064516 0.41201716738197425 0.6064516129032258 0.4034334763948498 0.6129032258064516 0.39914163090128757 0.6387096774193548 0.3948497854077253 0.6709677419354839 0.3948497854077253 0.6774193548387096 0.39628040057224606
0 0.36774193548387096 0.1473533619456366 0.38064516129032255 0.15021459227467812 0.38064516129032255 0.16022889842632332 0.3419354838709677 0.1688125894134478 0.3225806451612903 0.1688125894134478 0.2967741935483871 0.1659513590844063 0.2838709677419355 0.16165951359084407 0.2838709677419355 0.1530758226037196 0.2903225806451613 0.15021459227467812 0.3161290322580645 0.1473533619456366 0.33548387096774196 0.1459227467811159 0.3548387096774194 0.1459227467811159 0.36129032258064514 0.1473533619456366
0 0.6903225806451613 0.5708154506437768 0.7161290322580646 0.5765379113018598 0.7161290322580646 0.586552217453505 0.6774193548387096 0.5937052932761088 0.632258064516129 0.592274678111588 0.6064516129032258 0.5851216022889842 0.6064516129032258 0.5779685264663805 0.6387096774193548 0.5708154506437768 0.6838709677419355 0.5708154506437768
0 0.6838709677419355 0.21602288984263232 0.6967741935483871 0.21888412017167383 0.7096774193548387 0.21888412017167383 0.7225806451612903 0.2246065808297568 0.7225806451612903 0.2317596566523605 0.7096774193548387 0.23605150214592274 0.6645161290322581 0.24034334763948498 0.6580645161290323 0.23891273247496422 0.6387096774193548 0.23891273247496422 0.6193548387096774 0.23462088698140202 0.6129032258064516 0.22603719599427755 0.6193548387096774 0.2217453505007153 0.6451612903225806 0.21602288984263232 0.6774193548387096 0.21602288984263232
0 0.667741935483871 0.5472103004291845 0.12258064516129032 0.024320457796852647
0 0.3419354838709677 0.8526466380543634 0.36129032258064514 0.8540772532188842 0.38064516129032255 0.8583690987124464 0.38064516129032255 0.8698140200286123 0.3741935483870968 0.8726752503576538 0.34838709677419355 0.8755364806866953 0.3032258064516129 0.8755364806866953 0.2903225806451613 0.8741058655221745 0.2709677419354839 0.8669527896995708 0.2709677419354839 0.8597997138769671 0.2903225806451613 0.8555078683834049 0.33548387096774196 0.8526466380543634
0 0.6645161290322581 0.6881258941344778 0.11612903225806452 0.02575107296137339
0 0.8290322580645161 0.6523605150214592 0.12258064516129032 0.02575107296137339
0 0.5096774193548387 0.4978540772532189 0.5419354838709678 0.5035765379113019 0.5483870967741935 0.5078683834048641 0.5483870967741935 0.5150214592274678 0.5161290322580645 0.5221745350500715 0.4838709677419355 0.5221745350500715 0.45806451612903226 0.51931330472103 0.44516129032258067 0.5135908440629471 0.45161290322580644 0.5035765379113019 0.4838709677419355 0.4978540772532189 0.5032258064516129 0.4978540772532189
0 0.2967741935483871 0.3447782546494993 0.2838709677419355 0.33905579399141633 0.2838709677419355 0.3333333333333333 0.3161290322580645 0.32331902718168815 0.36129032258064514 0.32331902718168815 0.3870967741935484 0.33047210300429186 0.3870967741935484 0.3376251788268956 0.3548387096774194 0.34620886981402005 0.3096774193548387 0.34620886981402005 0.3032258064516129 0.3447782546494993
0 0.4967741935483871 0.27467811158798283 0.45806451612903226 0.2703862660944206 0.45161290322580644 0.26609442060085836 0.45806451612903226 0.25608011444921314 0.4838709677419355 0.25178826895565093 0.5290322580645161 0.25178826895565093 0.5483870967741935 0.25608011444921314 0.5548387096774193 0.25894134477825465 0.5548387096774193 0.26895565092989987 0.5290322580645161 0.2732474964234621 0.5032258064516129 0.2732474964234621
0 0.8258064516129032 0.7238912732474965 0.11612903225806452 0.02575107296137339
0 0.3419354838709677 0.463519313304721 0.34838709677419355 0.46494992846924177 0.36774193548387096 0.46494992846924177 0.3870967741935484 0.47067238912732473 0.38064516129032255 0.4821173104434907 0.3548387096774194 0.4864091559370529 0.2967741935483871 0.4864091559370529 0.2709677419354839 0.47353361945636624 0.2709677419354839 0.47067238912732473 0.2903225806451613 0.4663805436337625 0.33548387096774196 0.463519313304721
0 0.5096774193548387 0.6051502145922747 0.5290322580645161 0.6065808297567954 0.5483870967741935 0.6108726752503576 0.5548387096774193 0.6151645207439199 0.5483870967741935 0.6237482117310443 0.5161290322580645 0.6280400572246065 0.4774193548387097 0.6280400572246065 0.4645161290322581 0.6266094420600858 0.45161290322580644 0.6237482117310443 0.43870967741935485 0.6165951359084406 0.45806451612903226 0.6080114449213162 0.5032258064516129 0.6051502145922747
0 0.6709677419354839 0.35765379113018597 0.7032258064516129 0.3605150214592275 0.7225806451612903 0.3676680972818312 0.7161290322580646 0.37625178826895567 0.6903225806451613 0.3805436337625179 0.6516129032258065 0.3805436337625179 0.6387096774193548 0.3791130185979971 0.6064516129032258 0.37052932761087265 0.6129032258064516 0.36337625178826893 0.632258064516129 0.3590844062947067 0.6645161290322581 0.35765379113018597
0 0.832258064516129 0.9227467811158798 0.864516129032258 0.927038626609442 0.8774193548387097 0.9341917024320457 0.8709677419354839 0.9356223175965666 0.8709677419354839 0.9399141630901288 0.8516129032258064 0.9456366237482118 0.7935483870967742 0.9456366237482118 0.7677419354838709 0.9427753934191703 0.7612903225806451 0.9399141630901288 0.7612903225806451 0.9341917024320457 0.7741935483870968 0.927038626609442 0.7870967741935484 0.9241773962804005 0.8258064516129032 0.9227467811158798
0 0.8387096774193549 0.07439198855507868 0.8709677419354839 0.08011444921316166 0.8774193548387097 0.09012875536480687 0.864516129032258 0.09585121602288985 0.832258064516129 0.09871244635193133 0.8129032258064516 0.09585121602288985 0.8 0.09585121602288985 0.7741935483870968 0.08869814020028613 0.7806451612903226 0.07868383404864092 0.8129032258064516 0.07439198855507868 0.832258064516129 0.07439198855507868
0 0.6838709677419355 0.3948497854077253 0.7096774193548387 0.3977110157367668 0.7161290322580646 0.4005722460658083 0.7161290322580646 0.40915593705293274 0.6774193548387096 0.41630901287553645 0.6580645161290323 0.41630901287553645 0.6516129032258065 0.41487839771101576 0.6451612903225806 0.41630901287553645 0.6129032258064516 0.4105865522174535 0.6129032258064516 0.4005722460658083 0.6387096774193548 0.39628040057224606 0.6774193548387096 0.3948497854077253
0 0.5161290322580645 0.2875536480686695 0.535483870967742 0.28898426323319026 0.5548387096774193 0.2932761087267525 0.5548387096774193 0.30185979971387694 0.5419354838709678 0.30758226037195996 0.5096774193548387 0.3104434907010014 0.4838709677419355 0.3104434907010014 0.44516129032258067 0.3032904148783977 0.44516129032258067 0.29756795422031473 0.45806451612903226 0.2918454935622318 0.49032258064516127 0.2875536480686695 0.5096774193548387 0.2875536480686695
0 0.5225806451612903 0.7839771101573677 0.5483870967741935 0.7896995708154506 0.5548387096774193 0.7954220314735336 0.5483870967741935 0.7997138769670958 0.5161290322580645 0.8054363376251789 0.4645161290322581 0.8054363376251789 0.45161290322580644 0.8025751072961373 0.43870967741935485 0.8025751072961373 0.43870967741935485 0.7939914163090128 0.45161290322580644 0.7868383404864091 0.4774193548387097 0.7825464949928469 0.5096774193548387 0.7825464949928469 0.5161290322580645 0.7839771101573677
0 0.832258064516129 0.17882689556509299 0.8580645161290322 0.18168812589413447 0.8774193548387097 0.1917024320457797 0.8709677419354839 0.20028612303290416 0.8451612903225807 0.20457796852646637 0.8 0.20457796852646637 0.7741935483870968 0.1988555078683834 0.7806451612903226 0.18454935622317598 0.7935483870967742 0.18025751072961374 0.8258064516129032 0.17882689556509299