0 0.5240963855421686 0.5997067448680352 0.5481927710843374 0.6041055718475073 0.5481927710843374 0.6129032258064516 0.5240963855421686 0.6173020527859238 0.4759036144578313 0.6173020527859238 0.4457831325301205 0.6114369501466276 0.4457831325301205 0.6041055718475073 0.45180722891566266 0.6026392961876833 0.4879518072289157 0.5997067448680352 0.5180722891566265 0.5997067448680352
0 0.6746987951807228 0.22287390029325513 0.7108433734939759 0.23020527859237536 0.7108433734939759 0.23900293255131966 0.6927710843373494 0.2434017595307918 0.6445783132530121 0.2434017595307918 0.6325301204819277 0.24193548387096775 0.6144578313253012 0.23607038123167157 0.6144578313253012 0.2316715542521994 0.6265060240963856 0.22580645161290322 0.6385542168674698 0.22287390029325513 0.6686746987951807 0.22287390029325513
0 0.6807228915662651 0.4120234604105572 0.7108433734939759 0.4178885630498534 0.7108433734939759 0.42668621700879766 0.6807228915662651 0.4310850439882698 0.6265060240963856 0.42961876832844575 0.608433734939759 0.4222873900293255 0.608433734939759 0.4149560117302053 0.6265060240963856 0.41055718475073316 0.6686746987951807 0.41055718475073316 0.6746987951807228 0.4120234604105572
0 0.608433734939759 0.6891495601173021 0.5963855421686747 0.6818181818181818 0.6024096385542169 0.6759530791788856 0.6385542168674698 0.6715542521994134 0.6807228915662651 0.6715542521994134 0.7048192771084337 0.6774193548387096 0.7108433734939759 0.6891495601173021 0.6927710843373494 0.6935483870967742 0.6746987951807228 0.6950146627565983 0.6204819277108434 0.6920821114369502 0.6144578313253012 0.6891495601173021
0 0.6626506024096386 0.8211143695014663 0.6867469879518072 0.8240469208211144 0.7108433734939759 0.8313782991202346 0.7108433734939759 0.8372434017595308 0.6987951807228916 0.843108504398827 0.6746987951807228 0.8475073313782991 0.6325301204819277 0.8460410557184751 0.6204819277108434 0.844574780058651 0.6024096385542169 0.8387096774193549 0.6024096385542169 0.8299120234604106 0.608433734939759 0.8269794721407625 0.6265060240963856 0.8225806451612904 0.6566265060240963 0.8211143695014663
0 0.6927710843373494 0.2991202346041056 0.7108433734939759 0.30498533724340177 0.7108433734939759 0.31085043988269795 0.7048192771084337 0.31378299120234604 0.6807228915662651 0.3181818181818182 0.6445783132530121 0.3181818181818182 0.6325301204819277 0.31671554252199413 0.6144578313253012 0.3064516129032258 0.6204819277108434 0.3035190615835777 0.6445783132530121 0.2991202346041056 0.6626506024096386 0.29765395894428154 0.6867469879518072 0.2991202346041056
0 0.6927710843373494 0.0747800586510264 0.7108433734939759 0.07917888563049853 0.7168674698795181 0.08357771260997067 0.6927710843373494 0.09530791788856305 0.6506024096385542 0.09530791788856305 0.6265060240963856 0.09237536656891496 0.6024096385542169 0.08651026392961877 0.6024096385542169 0.08064516129032258 0.6265060240963856 0.07331378299120235 0.6807228915662651 0.07331378299120235 0.6867469879518072 0.0747800586510264
0 0.5240963855421686 0.11143695014662756 0.5481927710843374 0.1158357771260997 0.5602409638554217 0.1217008797653959 0.5602409638554217 0.13049853372434017 0.5481927710843374 0.13196480938416422 0.4939759036144578 0.13049853372434017 0.463855421686747 0.12609970674486803 0.4578313253012048 0.12316715542521994 0.4578313253012048 0.1187683284457478 0.4759036144578313 0.11290322580645161 0.4879518072289157 0.11143695014662756 0.5180722891566265 0.11143695014662756
0 0.6566265060240963 0.5586510263929618 0.6987951807228916 0.5615835777126099 0.7108433734939759 0.5689149560117303 0.7048192771084337 0.5777126099706745 0.6807228915662651 0.5821114369501467 0.6385542168674698 0.5821114369501467 0.6024096385542169 0.5747800586510264 0.6024096385542169 0.5674486803519062 0.608433734939759 0.5645161290322581 0.6325301204819277 0.5586510263929618 0.6506024096385542 0.5586510263929618
0 0.6506024096385542 0.4838709677419355 0.6566265060240963 0.48533724340175954 0.6867469879518072 0.48533724340175954 0.7108433734939759 0.4912023460410557 0.7168674698795181 0.4970674486803519 0.6987951807228916 0.5058651026392962 0.6445783132530121 0.5058651026392962 0.6385542168674698 0.5073313782991202 0.608433734939759 0.501466275659824 0.6024096385542169 0.4970674486803519 0.6144578313253012 0.4897360703812317 0.6325301204819277 0.48533724340175954 0.6445783132530121 0.48533724340175954
0 0.5240963855421686 0.5219941348973607 0.5481927710843374 0.5293255131964809 0.5481927710843374 0.5381231671554252 0.536144578313253 0.5425219941348973 0.5 0.5454545454545454 0.4819277108433735 0.5454545454545454 0.45180722891566266 0.5395894428152492 0.4457831325301205 0.5293255131964809 0.45180722891566266 0.5263929618768328 0.4759036144578313 0.5219941348973607 0.5180722891566265 0.5219941348973607
0 0.463855421686747 0.8035190615835777 0.4457831325301205 0.7961876832844574 0.4457831325301205 0.7917888563049853 0.45180722891566266 0.7888563049853372 0.4759036144578313 0.7844574780058651 0.5301204819277109 0.7844574780058651 0.5481927710843374 0.7917888563049853 0.5481927710843374 0.7991202346041055 0.5301204819277109 0.8049853372434017 0.4759036144578313 0.8049853372434017 0.46987951807228917 0.8035190615835777
0 0.3614457831325301 0.18621700879765396 0.39156626506024095 0.19208211143695014 0.4036144578313253 0.19941348973607037 0.39156626506024095 0.20674486803519063 0.37349397590361444 0.20821114369501467 0.3072289156626506 0.20527859237536658 0.29518072289156627 0.20087976539589442 0.30120481927710846 0.19208211143695014 0.3132530120481928 0.187683284457478 0.3253012048192771 0.18621700879765396 0.35542168674698793 0.18621700879765396
0 0.37349397590361444 0.9706744868035191 0.39759036144578314 0.9750733137829912 0.40963855421686746 0.9838709677419355 0.4036144578313253 0.9882697947214076 0.3674698795180723 0.9956011730205279 0.3313253012048193 0.9956011730205279 0.3192771084337349 0.9941348973607038 0.29518072289156627 0.9853372434017595 0.29518072289156627 0.9765395894428153 0.3192771084337349 0.9706744868035191 0.3373493975903614 0.9706744868035191 0.3433734939759036 0.969208211143695 0.3614457831325301 0.969208211143695 0.3674698795180723 0.9706744868035191
0 0.8253012048192772 0.7082111436950147 0.8433734939759037 0.7096774193548387 0.8795180722891566 0.7214076246334311 0.8795180722891566 0.7272727272727273 0.8493975903614458 0.7316715542521994 0.7951807228915663 0.7316715542521994 0.7831325301204819 0.7302052785923754 0.7590361445783133 0.7228739002932552 0.7590361445783133 0.7155425219941349 0.7650602409638554 0.7126099706744868 0.7891566265060241 0.7082111436950147 0.8192771084337349 0.7082111436950147
0 0.5240963855421686 0.3357771260997067 0.5542168674698795 0.3460410557184751 0.5542168674698795 0.3489736070381232 0.5421686746987951 0.3533724340175953 0.5240963855421686 0.3563049853372434 0.4939759036144578 0.3563049853372434 0.46987951807228917 0.3533724340175953 0.4578313253012048 0.3489736070381232 0.4578313253012048 0.3387096774193548 0.46987951807228917 0.3357771260997067 0.4819277108433735 0.3343108504398827 0.5120481927710844 0.3343108504398827 0.5180722891566265 0.3357771260997067
0 0.5120481927710844 0.26099706744868034 0.5421686746987951 0.26392961876832843 0.5602409638554217 0.2727272727272727 0.5602409638554217 0.2756598240469208 0.536144578313253 0.28005865102639294 0.4879518072289157 0.28005865102639294 0.4457831325301205 0.2727272727272727 0.4457831325301205 0.26832844574780057 0.4578313253012048 0.2653958944281525 0.5060240963855421 0.26099706744868034
0 0.3433734939759036 0.7463343108504399 0.3493975903614458 0.7478005865102639 0.37349397590361444 0.7478005865102639 0.39759036144578314 0.7536656891495601 0.4036144578313253 0.7580645161290323 0.39759036144578314 0.7653958944281525 0.35542168674698793 0.7712609970674487 0.3192771084337349 0.7683284457478006 0.30120481927710846 0.7639296187683284 0.2891566265060241 0.7565982404692082 0.2891566265060241 0.750733137829912 0.30120481927710846 0.7478005865102639 0.3373493975903614 0.7463343108504399
0 0.6746987951807228 0.3724340175953079 0.6867469879518072 0.37390029325513197 0.7048192771084337 0.37976539589442815 0.7048192771084337 0.3885630498533724 0.6746987951807228 0.3944281524926686 0.6265060240963856 0.39296187683284456 0.608433734939759 0.3885630498533724 0.608433734939759 0.37683284457478006 0.6144578313253012 0.37390029325513197 0.6265060240963856 0.3724340175953079 0.6686746987951807 0.3724340175953079
0 0.463855421686747 0.9530791788856305 0.45180722891566266 0.9486803519061584 0.4457831325301205 0.9413489736070382 0.46987951807228917 0.9340175953079178 0.5240963855421686 0.9340175953079178 0.5481927710843374 0.9398826979472141 0.5542168674698795 0.9442815249266863 0.5542168674698795 0.9501466275659824 0.5180722891566265 0.9560117302052786 0.4939759036144578 0.9560117302052786 0.46987951807228917 0.9530791788856305
0 0.8493975903614458 0.44868035190615835 0.8614457831325302 0.45894428152492667 0.8554216867469879 0.4604105571847507 0.8554216867469879 0.46480938416422285 0.8313253012048193 0.46920821114369504 0.7831325301204819 0.46920821114369504 0.7710843373493976 0.46774193548387094 0.7590361445783133 0.4633431085043988 0.7590361445783133 0.45894428152492667 0.7831325301204819 0.4501466275659824 0.8072289156626506 0.4472140762463343 0.8373493975903614 0.4472140762463343 0.8433734939759037 0.44868035190615835
0 0.6265060240963856 0.6334310850439883 0.6686746987951807 0.6334310850439883 0.6807228915662651 0.6348973607038123 0.7048192771084337 0.6436950146627566 0.7048192771084337 0.6510263929618768 0.6987951807228916 0.6539589442815249 0.6867469879518072 0.655425219941349 0.6325301204819277 0.655425219941349 0.608433734939759 0.6524926686217009 0.6024096385542169 0.6495601173020528 0.608433734939759 0.6392961876832844 0.6265060240963856 0.6348973607038123
0 0.8493975903614458 0.15102639296187684 0.8614457831325302 0.15542521994134897 0.8614457831325302 0.1656891495601173 0.8493975903614458 0.17008797653958943 0.8313253012048193 0.17008797653958943 0.8253012048192772 0.17155425219941348 0.7951807228915663 0.17155425219941348 0.7831325301204819 0.16862170087976538 0.7710843373493976 0.15395894428152493 0.7831325301204819 0.15102639296187684 0.7951807228915663 0.15102639296187684 0.8132530120481928 0.14809384164222875 0.8433734939759037 0.15102639296187684
0 0.5240963855421686 0.8592375366568915 0.5481927710843374 0.8665689149560117 0.5481927710843374 0.875366568914956 0.5180722891566265 0.8812316715542522 0.46987951807228917 0.8797653958944281 0.4578313253012048 0.8782991202346041 0.4457831325301205 0.873900293255132 0.4457831325301205 0.8680351906158358 0.463855421686747 0.8607038123167156 0.4759036144578313 0.8592375366568915 0.5180722891566265 0.8592375366568915
0 0.5030120481927711 0.908357771260997 0.1144578313253012 0.021994134897360705