0 0.7368421052631579 0.33053221288515405 0.756578947368421 0.33613445378151263 0.75 0.3431372549019608 0.6907894736842105 0.35294117647058826 0.6644736842105263 0.35154061624649857 0.618421052631579 0.3445378151260504 0.6118421052631579 0.33613445378151263 0.631578947368421 0.3319327731092437 0.6644736842105263 0.3291316526610644 0.7236842105263158 0.3291316526610644 0.7302631578947368 0.33053221288515405
0 0.5328947368421053 0.9173669467787114 0.5723684210526315 0.9229691876750701 0.5789473684210527 0.9299719887955182 0.5394736842105263 0.938375350140056 0.5131578947368421 0.9397759103641457 0.4934210526315789 0.9397759103641457 0.46710526315789475 0.9355742296918768 0.4605263157894737 0.927170868347339 0.4934210526315789 0.9187675070028011 0.5263157894736842 0.9173669467787114
0 0.6907894736842105 0.43137254901960786 0.7368421052631579 0.4341736694677871 0.756578947368421 0.43977591036414565 0.756578947368421 0.44677871148459386 0.7105263157894737 0.45518207282913165 0.6710526315789473 0.45518207282913165 0.6578947368421053 0.453781512605042 0.6381578947368421 0.44677871148459386 0.6381578947368421 0.43977591036414565 0.6578947368421053 0.4341736694677871 0.6842105263157895 0.43137254901960786
0 0.5657894736842105 0.12184873949579832 0.5855263157894737 0.12885154061624648 0.5789473684210527 0.13725490196078433 0.5657894736842105 0.1400560224089636 0.5263157894736842 0.14285714285714285 0.5 0.14145658263305322 0.47368421052631576 0.13725490196078433 0.46710526315789475 0.13445378151260504 0.46710526315789475 0.12605042016806722 0.5131578947368421 0.11904761904761904 0.5460526315789473 0.11904761904761904 0.5592105263157895 0.12184873949579832
0 0.7302631578947368 0.6078431372549019 0.743421052631579 0.6106442577030813 0.75 0.6176470588235294 0.7368421052631579 0.623249299719888 0.7039473684210527 0.6274509803921569 0.6644736842105263 0.6274509803921569 0.6447368421052632 0.6246498599439776 0.6381578947368421 0.6218487394957983 0.6381578947368421 0.6120448179271709 0.6513157894736842 0.6078431372549019 0.6710526315789473 0.6064425770308123 0.7171052631578947 0.6064425770308123 0.7236842105263158 0.6078431372549019
0 0.5657894736842105 0.1568627450980392 0.5855263157894737 0.16246498599439776 0.5855263157894737 0.16806722689075632 0.5526315789473685 0.17507002801120447 0.5328947368421053 0.17647058823529413 0.4868421052631579 0.17507002801120447 0.46710526315789475 0.17086834733893558 0.46710526315789475 0.1638655462184874 0.506578947368421 0.15546218487394958 0.5592105263157895 0.1568627450980392
0 0.7302631578947368 0.8473389355742297 0.7631578947368421 0.8529411764705882 0.7631578947368421 0.8585434173669467 0.7368421052631579 0.8669467787114846 0.6973684210526315 0.8711484593837535 0.6578947368421053 0.8697478991596639 0.6447368421052632 0.8669467787114846 0.6381578947368421 0.8571428571428571 0.6644736842105263 0.8501400560224089 0.6907894736842105 0.8473389355742297 0.7236842105263158 0.8473389355742297
0 0.5789473684210527 0.6386554621848739 0.5986842105263158 0.6442577030812325 0.5986842105263158 0.6512605042016807 0.5657894736842105 0.6582633053221288 0.5131578947368421 0.6624649859943977 0.48026315789473684 0.6624649859943977 0.4605263157894737 0.6554621848739496 0.47368421052631576 0.6442577030812325 0.4934210526315789 0.6400560224089635 0.5131578947368421 0.6386554621848739 0.5723684210526315 0.6386554621848739
0 0.7039473684210527 0.742296918767507 0.7368421052631579 0.7464985994397759 0.7631578947368421 0.757703081232493 0.75 0.7661064425770309 0.7236842105263158 0.7703081232492998 0.6776315789473685 0.7689075630252101 0.6447368421052632 0.7633053221288515 0.631578947368421 0.757703081232493 0.6381578947368421 0.7507002801120448 0.6710526315789473 0.7436974789915967 0.6973684210526315 0.742296918767507
0 0.5657894736842105 0.6736694677871149 0.5921052631578947 0.680672268907563 0.5921052631578947 0.6876750700280112 0.5723684210526315 0.6932773109243697 0.5460526315789473 0.696078431372549 0.5131578947368421 0.696078431372549 0.4868421052631579 0.6932773109243697 0.46710526315789475 0.6876750700280112 0.46710526315789475 0.6820728291316527 0.4868421052631579 0.6764705882352942 0.5131578947368421 0.6736694677871149 0.5592105263157895 0.6736694677871149
0 0.7236842105263158 0.4677871148459384 0.75 0.4733893557422969 0.75 0.48179271708683474 0.7105263157894737 0.49019607843137253 0.6578947368421053 0.49019607843137253 0.6447368421052632 0.4887955182072829 0.625 0.4831932773109244 0.625 0.47759103641456585 0.6513157894736842 0.469187675070028 0.6776315789473685 0.46638655462184875 0.7105263157894737 0.46638655462184875 0.7171052631578947 0.4677871148459384
0 0.39473684210526316 0.5042016806722689 0.40789473684210525 0.5098039215686274 0.40789473684210525 0.5168067226890757 0.3684210526315789 0.5252100840336135 0.34210526315789475 0.5252100840336135 0.3157894736842105 0.5224089635854342 0.2894736842105263 0.5140056022408963 0.2894736842105263 0.5098039215686274 0.3092105263157895 0.5042016806722689 0.34210526315789475 0.5014005602240896 0.3618421052631579 0.5014005602240896 0.3881578947368421 0.5042016806722689
0 0.3684210526315789 0.25910364145658266 0.3881578947368421 0.2605042016806723 0.4144736842105263 0.26750700280112044 0.40789473684210525 0.2759103641456583 0.3881578947368421 0.2801120448179272 0.3684210526315789 0.2815126050420168 0.3157894736842105 0.27871148459383754 0.29605263157894735 0.27310924369747897 0.29605263157894735 0.2647058823529412 0.3223684210526316 0.2605042016806723 0.3618421052631579 0.25910364145658266
0 0.40131578947368424 0.8851540616246498 0.40789473684210525 0.8879551820728291 0.40131578947368424 0.9005602240896359 0.3618421052631579 0.9061624649859944 0.32894736842105265 0.9061624649859944 0.29605263157894735 0.9033613445378151 0.28289473684210525 0.8977591036414566 0.28289473684210525 0.8921568627450981 0.29605263157894735 0.8865546218487395 0.3355263157894737 0.8823529411764706 0.3881578947368421 0.8837535014005602 0.39473684210526316 0.8851540616246498
0 0.5296052631578947 0.7205882352941176 0.125 0.023809523809523808
0 0.875 0.8137254901960784 0.9013157894736842 0.8221288515406162 0.9013157894736842 0.8277310924369747 0.875 0.834733893557423 0.8486842105263158 0.8375350140056023 0.8289473684210527 0.8375350140056023 0.7828947368421053 0.8305322128851541 0.7828947368421053 0.8221288515406162 0.8421052631578947 0.8123249299719888 0.868421052631579 0.8137254901960784
0 0.35855263157894735 0.23529411764705882 0.125 0.025210084033613446
0 0.40131578947368424 0.39915966386554624 0.4144736842105263 0.40336134453781514 0.4144736842105263 0.41316526610644255 0.39473684210526316 0.4173669467787115 0.34210526315789475 0.4215686274509804 0.29605263157894735 0.42016806722689076 0.27631578947368424 0.41456582633053224 0.27631578947368424 0.4103641456582633 0.2894736842105263 0.40476190476190477 0.3355263157894737 0.3963585434173669 0.3684210526315789 0.3963585434173669 0.39473684210526316 0.39915966386554624
0 0.3157894736842105 0.08403361344537816 0.3223684210526316 0.08543417366946779 0.3881578947368421 0.08683473389355742 0.4144736842105263 0.0938375350140056 0.40789473684210525 0.10364145658263306 0.375 0.10784313725490197 0.3355263157894737 0.10784313725490197 0.3092105263157895 0.10504201680672269 0.29605263157894735 0.09943977591036414 0.29605263157894735 0.08683473389355742 0.3092105263157895 0.08543417366946779
0 0.8552631578947368 0.5686274509803921 0.8881578947368421 0.5714285714285714 0.9078947368421053 0.5770308123249299 0.9078947368421053 0.5854341736694678 0.9013157894736842 0.5882352941176471 0.8618421052631579 0.5938375350140056 0.8223684210526315 0.592436974789916 0.7894736842105263 0.5854341736694678 0.7960526315789473 0.5756302521008403 0.8157894736842105 0.5714285714285714 0.8486842105263158 0.5686274509803921
0 0.5197368421052632 0.3739495798319328 0.14473684210526316 0.025210084033613446
0 0.375 0.19047619047619047 0.40789473684210525 0.19747899159663865 0.40789473684210525 0.20588235294117646 0.3684210526315789 0.21288515406162464 0.34868421052631576 0.21428571428571427 0.3026315789473684 0.20728291316526612 0.29605263157894735 0.20448179271708683 0.29605263157894735 0.19467787114845939 0.3223684210526316 0.19047619047619047 0.34868421052631576 0.19047619047619047 0.35526315789473684 0.18907563025210083 0.3684210526315789 0.19047619047619047
0 0.5789473684210527 0.7801120448179272 0.5921052631578947 0.7843137254901961 0.5855263157894737 0.7941176470588235 0.5592105263157895 0.7997198879551821 0.5131578947368421 0.8025210084033614 0.5 0.8025210084033614 0.47368421052631576 0.7983193277310925 0.45394736842105265 0.788515406162465 0.4605263157894737 0.7815126050420168 0.4868421052631579 0.7773109243697479 0.5657894736842105 0.7787114845938375 0.5723684210526315 0.7801120448179272
0 0.3684210526315789 0.5336134453781513 0.40131578947368424 0.5378151260504201 0.40789473684210525 0.5406162464985994 0.40789473684210525 0.5490196078431373 0.3881578947368421 0.5546218487394958 0.32894736842105265 0.5588235294117647 0.29605263157894735 0.5546218487394958 0.2894736842105263 0.5462184873949579 0.29605263157894735 0.542016806722689 0.3223684210526316 0.5364145658263305 0.34210526315789475 0.5336134453781513 0.3618421052631579 0.5336134453781513
0 0.881578947368421 0.2913165266106443 0.9078947368421053 0.29551820728291317 0.9144736842105263 0.30392156862745096 0.8947368421052632 0.3123249299719888 0.868421052631579 0.3165266106442577 0.8289473684210527 0.3165266106442577 0.7960526315789473 0.30952380952380953 0.7894736842105263 0.30392156862745096 0.7960526315789473 0.29971988795518206 0.8289473684210527 0.2927170868347339 0.875 0.2913165266106443