0 0.321875 0.8799705449189985 0.11875 0.025036818851251842
0 0.8375 0.605301914580265 0.8375 0.6126656848306333 0.81875 0.6185567010309279 0.79375 0.6126656848306333 0.79375 0.6067746686303387 0.8 0.605301914580265 0.83125 0.605301914580265
0 0.33125 0.9425625920471281 0.3375 0.9440353460972017 0.35625 0.9440353460972017 0.38125 0.9484536082474226 0.3875 0.9572901325478645 0.38125 0.9602356406480118 0.3625 0.9631811487481591 0.3 0.9631811487481591 0.275 0.9587628865979382 0.275 0.9484536082474226 0.28125 0.9455081001472754 0.30625 0.9425625920471281 0.325 0.9425625920471281
0 0.6625 0.07658321060382917 0.69375 0.08100147275405008 0.70625 0.08689248895434462 0.70625 0.09278350515463918 0.6875 0.09720176730486009 0.65625 0.10014727540500737 0.625 0.10014727540500737 0.6 0.09572901325478646 0.6 0.08247422680412371 0.60625 0.07952871870397643 0.625 0.07658321060382917 0.65625 0.07658321060382917
0 0.65 0.49042709867452133 0.68125 0.49337260677466865 0.69375 0.4963181148748159 0.70625 0.5036818851251841 0.7 0.5110456553755522 0.66875 0.5154639175257731 0.6625 0.5139911634756995 0.6125 0.5125184094256259 0.59375 0.5051546391752577 0.6 0.4963181148748159 0.6125 0.49337260677466865 0.64375 0.49042709867452133
0 0.48125 0.18851251840942562 0.525 0.19293078055964655 0.5375 0.19882179675994108 0.5375 0.203240058910162 0.53125 0.20765832106038293 0.5125 0.21207658321060383 0.46875 0.21207658321060383 0.4625 0.21354933726067746 0.43125 0.20765832106038293 0.425 0.19882179675994108 0.45 0.18998527245949925 0.475 0.18851251840942562
0 0.6875 0.8306332842415317 0.7 0.833578792341679 0.7 0.845360824742268 0.6875 0.8483063328424153 0.64375 0.8483063328424153 0.6375 0.8497790868924889 0.6 0.845360824742268 0.59375 0.8424153166421208 0.59375 0.8350515463917526 0.6 0.8321060382916053 0.61875 0.8291605301914581 0.68125 0.8306332842415317
0 0.5125 0.6038291605301914 0.53125 0.6067746686303387 0.5375 0.6200294550810015 0.525 0.6244477172312224 0.50625 0.6244477172312224 0.5 0.625920471281296 0.475 0.625920471281296 0.44375 0.6229749631811488 0.43125 0.6185567010309279 0.43125 0.6111929307805597 0.475 0.6038291605301914 0.50625 0.6038291605301914
0 0.49375 0.41531664212076586 0.525 0.41973490427098675 0.5375 0.4256259204712813 0.5375 0.43151693667157587 0.5125 0.4374079528718704 0.4875 0.44035346097201766 0.4625 0.44035346097201766 0.43125 0.43446244477172313 0.43125 0.422680412371134 0.4375 0.41973490427098675 0.46875 0.41531664212076586 0.4875 0.41531664212076586
0 0.64375 0.7908689248895434 0.6875 0.7952871870397643 0.70625 0.8041237113402062 0.7 0.8085419734904271 0.68125 0.812960235640648 0.6375 0.812960235640648 0.6125 0.8085419734904271 0.60625 0.8055964653902798 0.60625 0.7967599410898379 0.61875 0.792341678939617 0.6375 0.792341678939617
0 0.35625 0.3799705449189985 0.375 0.3873343151693667 0.375 0.3917525773195876 0.35625 0.4005891016200295 0.2875 0.4005891016200295 0.26875 0.3946980854197349 0.26875 0.3858615611192931 0.29375 0.3784977908689249 0.325 0.37702503681885124 0.35 0.3799705449189985
0 0.675 0.5301914580265096 0.69375 0.5316642120765832 0.70625 0.5360824742268041 0.7 0.5375552282768777 0.7 0.5434462444771723 0.68125 0.5493372606774669 0.65 0.5522827687776142 0.6375 0.5522827687776142 0.6 0.5463917525773195 0.59375 0.5434462444771723 0.59375 0.5346097201767305 0.61875 0.5287187039764359 0.6625 0.5287187039764359 0.66875 0.5301914580265096
0 0.31875 0.6774668630338734 0.3625 0.6804123711340206 0.375 0.6877761413843888 0.36875 0.6995581737849779 0.35625 0.7010309278350515 0.3125 0.7010309278350515 0.275 0.6936671575846833 0.26875 0.6892488954344624 0.275 0.6848306332842415 0.3 0.678939617083947 0.3125 0.678939617083947
0 0.8125 0.4521354933726068 0.84375 0.4565537555228277 0.85625 0.46244477172312226 0.85625 0.4698085419734904 0.83125 0.4742268041237113 0.775 0.4742268041237113 0.75 0.4698085419734904 0.75 0.45949926362297494 0.775 0.4536082474226804 0.80625 0.4521354933726068
0 0.5 0.30338733431516934 0.525 0.30633284241531666 0.53125 0.30927835051546393 0.53125 0.32106038291605304 0.5125 0.32547864506627394 0.475 0.3284241531664212 0.45 0.3284241531664212 0.425 0.32106038291605304 0.425 0.30927835051546393 0.45 0.30338733431516934 0.49375 0.30338733431516934
0 0.321875 0.7658321060382917 0.13125 0.023564064801178203
0 0.51875 0.7172312223858616 0.53125 0.7216494845360825 0.53125 0.7349042709867453 0.51875 0.7378497790868925 0.45625 0.7378497790868925 0.43125 0.7334315169366715 0.43125 0.7231222385861561 0.44375 0.7187039764359352 0.4625 0.7157584683357879 0.50625 0.7157584683357879 0.5125 0.7172312223858616
0 0.2875 0.9248895434462445 0.28125 0.9219440353460973 0.28125 0.9086892488954345 0.29375 0.9042709867452136 0.35625 0.9057437407952872 0.375 0.9131075110456554 0.375 0.9234167893961709 0.3625 0.9263622974963182 0.3125 0.9263622974963182 0.29375 0.9248895434462445
0 0.825 0.6421207658321061 0.85 0.6494845360824743 0.85 0.6597938144329897 0.81875 0.6642120765832106 0.76875 0.6612665684830633 0.75625 0.658321060382916 0.75625 0.6553755522827688 0.74375 0.6509572901325479 0.74375 0.6480117820324006 0.75625 0.6435935198821797 0.78125 0.6406480117820325 0.8125 0.6406480117820325 0.81875 0.6421207658321061
0 0.3125 0.2650957290132548 0.31875 0.2665684830633284 0.35625 0.2665684830633284 0.375 0.2709867452135493 0.375 0.2812960235640648 0.36875 0.28424153166421207 0.3375 0.28865979381443296 0.33125 0.28718703976435933 0.2875 0.2857142857142857 0.275 0.28276877761413843 0.26875 0.27982326951399117 0.26875 0.27245949926362295 0.2875 0.2665684830633284 0.30625 0.2665684830633284
0 0.5125 0.11487481590574374 0.5375 0.12223858615611193 0.5375 0.13107511045655376 0.53125 0.13402061855670103 0.50625 0.13843888070692195 0.45 0.13843888070692195 0.425 0.13107511045655376 0.425 0.12223858615611193 0.4375 0.11782032400589101 0.475 0.11487481590574374 0.50625 0.11487481590574374
0 0.35 0.5655375552282769 0.35625 0.5670103092783505 0.375 0.5670103092783505 0.38125 0.5699558173784978 0.375 0.5832106038291606 0.3625 0.5876288659793815 0.33125 0.5876288659793815 0.29375 0.5846833578792342 0.28125 0.5787923416789397 0.28125 0.572901325478645 0.3 0.5670103092783505 0.3125 0.5655375552282769 0.34375 0.5655375552282769
0 0.325 0.15169366715758467 0.33125 0.15316642120765833 0.35625 0.15316642120765833 0.38125 0.16053019145802652 0.375 0.17083946980854198 0.35625 0.17673048600883653 0.29375 0.17525773195876287 0.26875 0.16936671575846834 0.26875 0.16053019145802652 0.275 0.15758468335787923 0.29375 0.15316642120765833 0.31875 0.15169366715758467
0 0.68125 0.34167893961708395 0.69375 0.3446244477172312 0.70625 0.35198821796759944 0.70625 0.35640648011782033 0.6875 0.36229749631811486 0.63125 0.36229749631811486 0.61875 0.36082474226804123 0.60625 0.35787923416789397 0.59375 0.3490427098674521 0.6 0.3446244477172312 0.625 0.3402061855670103 0.66875 0.3402061855670103 0.675 0.34167893961708395
0 0.35625 0.22827687776141384 0.38125 0.23564064801178203 0.38125 0.24300441826215022 0.3625 0.24889543446244478 0.34375 0.2503681885125184 0.29375 0.2503681885125184 0.28125 0.24889543446244478 0.2625 0.24447717231222385 0.2625 0.23564064801178203 0.26875 0.23269513991163476 0.29375 0.22827687776141384 0.35 0.22827687776141384
0 0.8125 0.039764359351988215 0.83125 0.041237113402061855 0.85625 0.050073637702503684 0.85625 0.05743740795287187 0.8125 0.06332842415316642 0.78125 0.061855670103092786 0.7625 0.05891016200294551 0.75 0.054491899852724596 0.75 0.045655375552282766 0.76875 0.041237113402061855 0.80625 0.039764359351988215