0 0.3772455089820359 0.871866295264624 0.40119760479041916 0.8802228412256268 0.40119760479041916 0.8871866295264624 0.39520958083832336 0.8899721448467967 0.3532934131736527 0.8941504178272981 0.31137724550898205 0.8899721448467967 0.2934131736526946 0.8857938718662952 0.2934131736526946 0.8802228412256268 0.31736526946107785 0.871866295264624 0.3413173652694611 0.871866295264624 0.3473053892215569 0.8704735376044568 0.3712574850299401 0.871866295264624
0 0.38922155688622756 0.4805013927576602 0.40718562874251496 0.48746518105849584 0.40718562874251496 0.4958217270194986 0.38323353293413176 0.5 0.32934131736526945 0.5 0.30538922155688625 0.49303621169916434 0.30538922155688625 0.48746518105849584 0.32934131736526945 0.4805013927576602 0.3473053892215569 0.479108635097493 0.38323353293413176 0.4805013927576602
0 0.6826347305389222 0.5877437325905293 0.7125748502994012 0.5947075208913649 0.7065868263473054 0.6044568245125348 0.6826347305389222 0.6072423398328691 0.6407185628742516 0.6072423398328691 0.6167664670658682 0.6002785515320335 0.6167664670658682 0.5919220055710307 0.6347305389221557 0.5877437325905293 0.6766467065868264 0.5877437325905293
0 0.3532934131736527 0.8112813370473537 0.10778443113772455 0.023676880222841225
0 0.6706586826347305 0.3370473537604457 0.7065868263473054 0.3398328690807799 0.7245508982035929 0.3467966573816156 0.718562874251497 0.35376044568245124 0.688622754491018 0.3593314763231198 0.6407185628742516 0.3593314763231198 0.5988023952095808 0.35097493036211697 0.5988023952095808 0.3467966573816156 0.6227544910179641 0.3412256267409471 0.6646706586826348 0.3370473537604457
0 0.5449101796407185 0.6253481894150418 0.562874251497006 0.6337047353760445 0.562874251497006 0.6392757660167131 0.5329341317365269 0.6434540389972145 0.48502994011976047 0.6434540389972145 0.46107784431137727 0.637883008356546 0.46107784431137727 0.6295264623955432 0.48502994011976047 0.6225626740947076 0.5269461077844312 0.6225626740947076 0.5389221556886228 0.6253481894150418
0 0.6766467065868264 0.9066852367688022 0.7065868263473054 0.9122562674094707 0.7125748502994012 0.9164345403899722 0.7125748502994012 0.9220055710306406 0.6946107784431138 0.9289693593314763 0.6526946107784432 0.9289693593314763 0.6287425149700598 0.9261838440111421 0.6167664670658682 0.9206128133704735 0.6227544910179641 0.9108635097493036 0.6407185628742516 0.9066852367688022 0.6706586826347305 0.9066852367688022
0 0.6946107784431138 0.7674094707520891 0.7065868263473054 0.7701949860724234 0.7125748502994012 0.7827298050139275 0.6826347305389222 0.786908077994429 0.6347305389221557 0.786908077994429 0.6107784431137725 0.7785515320334262 0.6107784431137725 0.7715877437325905 0.6227544910179641 0.7674094707520891 0.6467065868263473 0.7646239554317549 0.6646706586826348 0.7646239554317549 0.688622754491018 0.7674094707520891
0 0.8263473053892215 0.12395543175487465 0.844311377245509 0.12534818941504178 0.8622754491017964 0.12952646239554316 0.874251497005988 0.13649025069637882 0.8682634730538922 0.14345403899721448 0.844311377245509 0.14623955431754876 0.8023952095808383 0.14623955431754876 0.7664670658682635 0.14066852367688024 0.7664670658682635 0.13370473537604458 0.7784431137724551 0.12813370473537605 0.8023952095808383 0.12395543175487465 0.8203592814371258 0.12395543175487465
0 0.3502994011976048 0.38579387186629527 0.11377245508982035 0.025069637883008356
0 0.7005988023952096 0.44707520891364905 0.7125748502994012 0.44986072423398327 0.7245508982035929 0.4582172701949861 0.7125748502994012 0.4623955431754875 0.6586826347305389 0.46657381615598886 0.6407185628742516 0.46657381615598886 0.6227544910179641 0.4637883008356546 0.6167664670658682 0.4610027855153203 0.6167664670658682 0.45125348189415043 0.6347305389221557 0.4456824512534819 0.6526946107784432 0.44428969359331477 0.6826347305389222 0.44428969359331477 0.6946107784431138 0.44707520891364905
0 0.6467065868263473 0.08774373259052924 0.6526946107784432 0.08913649025069638 0.6766467065868264 0.08774373259052924 0.7125748502994012 0.09331476323119778 0.7125748502994012 0.10306406685236769 0.7065868263473054 0.10584958217270195 0.688622754491018 0.11002785515320335 0.6467065868263473 0.11002785515320335 0.6167664670658682 0.10445682451253482 0.6167664670658682 0.09749303621169916 0.6407185628742516 0.08913649025069638
0 0.688622754491018 0.5515320334261838 0.7065868263473054 0.5543175487465181 0.718562874251497 0.5598885793871866 0.7125748502994012 0.5668523676880223 0.688622754491018 0.5710306406685237 0.6526946107784432 0.5710306406685237 0.6167664670658682 0.5626740947075209 0.6167664670658682 0.5584958217270195 0.6287425149700598 0.552924791086351 0.6407185628742516 0.5515320334261838 0.6826347305389222 0.5515320334261838
0 0.3772455089820359 0.23119777158774374 0.40119760479041916 0.2381615598885794 0.40119760479041916 0.24512534818941503 0.3712574850299401 0.2520891364902507 0.32934131736526945 0.2520891364902507 0.31736526946107785 0.25069637883008355 0.30538922155688625 0.24651810584958217 0.30538922155688625 0.24373259052924792 0.2934131736526946 0.24094707520891365 0.2934131736526946 0.2381615598885794 0.30538922155688625 0.233983286908078 0.32934131736526945 0.23119777158774374 0.3712574850299401 0.23119777158774374
0 0.5209580838323353 0.7284122562674095 0.5449101796407185 0.7298050139275766 0.562874251497006 0.7367688022284122 0.562874251497006 0.7423398328690808 0.5329341317365269 0.7506963788300836 0.47904191616766467 0.7506963788300836 0.4550898203592814 0.7437325905292479 0.46107784431137727 0.733983286908078 0.47904191616766467 0.7298050139275766 0.5149700598802395 0.7284122562674095
0 0.844311377245509 0.8356545961002786 0.8562874251497006 0.8370473537604457 0.8682634730538922 0.8440111420612814 0.8682634730538922 0.8523676880222841 0.844311377245509 0.8579387186629527 0.8143712574850299 0.8579387186629527 0.7844311377245509 0.8551532033426184 0.7664670658682635 0.8481894150417827 0.7664670658682635 0.8440111420612814 0.7904191616766467 0.8356545961002786 0.8143712574850299 0.8342618384401114 0.8383233532934131 0.8356545961002786
0 0.3473053892215569 0.1935933147632312 0.3652694610778443 0.19498607242339833 0.40119760479041916 0.20334261838440112 0.38922155688622756 0.21448467966573817 0.3712574850299401 0.21727019498607242 0.3532934131736527 0.21727019498607242 0.32934131736526945 0.2116991643454039 0.31736526946107785 0.2116991643454039 0.2994011976047904 0.20891364902506965 0.30538922155688625 0.20055710306406685 0.32934131736526945 0.19498607242339833 0.3413173652694611 0.19498607242339833
0 0.5209580838323353 0.266016713091922 0.5389221556886228 0.26740947075208915 0.5568862275449101 0.27158774373259054 0.562874251497006 0.2841225626740947 0.5508982035928144 0.28690807799442897 0.5329341317365269 0.28690807799442897 0.5089820359281437 0.28969359331476324 0.49700598802395207 0.28969359331476324 0.47904191616766467 0.28690807799442897 0.46706586826347307 0.2827298050139276 0.46107784431137727 0.2743732590529248 0.48502994011976047 0.26740947075208915 0.5149700598802395 0.266016713091922
0 0.5329341317365269 0.6573816155988857 0.5508982035928144 0.6601671309192201 0.562874251497006 0.6657381615598886 0.562874251497006 0.6727019498607242 0.5449101796407185 0.6782729805013927 0.5269461077844312 0.6796657381615598 0.48502994011976047 0.6796657381615598 0.46706586826347307 0.6768802228412256 0.4550898203592814 0.6713091922005571 0.46107784431137727 0.6629526462395543 0.47904191616766467 0.658774373259053 0.5269461077844312 0.6573816155988857
0 0.844311377245509 0.5167130919220055 0.8682634730538922 0.5250696378830083 0.8682634730538922 0.5348189415041783 0.8562874251497006 0.5376044568245125 0.8083832335329342 0.5376044568245125 0.7784431137724551 0.5348189415041783 0.7724550898203593 0.532033426183844 0.7724550898203593 0.520891364902507 0.7904191616766467 0.5167130919220055 0.8143712574850299 0.5153203342618384 0.8383233532934131 0.5167130919220055
0 0.8023952095808383 0.9415041782729805 0.8083832335329342 0.9428969359331476 0.844311377245509 0.9428969359331476 0.8622754491017964 0.947075208913649 0.8622754491017964 0.9596100278551533 0.8562874251497006 0.9623955431754875 0.8083832335329342 0.9623955431754875 0.7664670658682635 0.9568245125348189 0.7664670658682635 0.9498607242339833 0.7964071856287425 0.9428969359331476
0 0.5269461077844312 0.40947075208913647 0.5449101796407185 0.41086350974930363 0.5568862275449101 0.415041782729805 0.5568862275449101 0.4275766016713092 0.5329341317365269 0.43175487465181056 0.47904191616766467 0.43175487465181056 0.46706586826347307 0.42896935933147634 0.4550898203592814 0.4220055710306407 0.46107784431137727 0.415041782729805 0.47904191616766467 0.41086350974930363 0.5209580838323353 0.40947075208913647
0 0.49700598802395207 0.3022284122562674 0.5029940119760479 0.30362116991643456 0.5089820359281437 0.3022284122562674 0.5149700598802395 0.30362116991643456 0.5209580838323353 0.3022284122562674 0.5449101796407185 0.30362116991643456 0.562874251497006 0.30779944289693595 0.562874251497006 0.31754874651810583 0.5508982035928144 0.3231197771587744 0.5209580838323353 0.32590529247910865 0.5149700598802395 0.3245125348189415 0.48502994011976047 0.3245125348189415 0.46706586826347307 0.32172701949860727 0.4550898203592814 0.3161559888579387 0.4550898203592814 0.30779944289693595 0.46706586826347307 0.3050139275766017 0.49101796407185627 0.30362116991643456
0 0.3473053892215569 0.692200557103064 0.3772455089820359 0.6949860724233984 0.40119760479041916 0.7005571030640668 0.39520958083832336 0.7089136490250696 0.3652694610778443 0.7144846796657381 0.31736526946107785 0.7144846796657381 0.2994011976047904 0.7116991643454039 0.2934131736526946 0.7089136490250696 0.2934131736526946 0.7005571030640668 0.2994011976047904 0.6977715877437326 0.32335329341317365 0.6935933147632312 0.3413173652694611 0.6935933147632312
0 0.8383233532934131 0.16016713091922005 0.8622754491017964 0.16573816155988857 0.874251497005988 0.1713091922005571 0.874251497005988 0.17548746518105848 0.8562874251497006 0.1796657381615599 0.7964071856287425 0.1796657381615599 0.7784431137724551 0.17548746518105848 0.7724550898203593 0.1713091922005571 0.7844311377245509 0.16295264623955433 0.8023952095808383 0.16016713091922005 0.8323353293413174 0.16016713091922005