0 0.5304878048780488 0.07380607814761216 0.5426829268292683 0.07814761215629522 0.5426829268292683 0.085383502170767 0.5 0.0955137481910275 0.4634146341463415 0.0955137481910275 0.4451219512195122 0.09261939218523878 0.4329268292682927 0.08827785817655572 0.4329268292682927 0.08104196816208394 0.4695121951219512 0.07091172214182344 0.5121951219512195 0.07091172214182344 0.524390243902439 0.07380607814761216
0 0.36585365853658536 0.8234442836468886 0.3902439024390244 0.8277858176555717 0.39634146341463417 0.8379160636758322 0.35365853658536583 0.8480463096960926 0.31097560975609756 0.8465991316931982 0.2926829268292683 0.8422575976845152 0.2865853658536585 0.8335745296671491 0.3048780487804878 0.8263386396526773 0.3597560975609756 0.8234442836468886
0 0.823170731707317 0.28798842257597684 0.8536585365853658 0.29232995658465993 0.8658536585365854 0.30101302460202606 0.8414634146341463 0.30824891461649784 0.7987804878048781 0.3096960926193922 0.7926829268292683 0.3111432706222865 0.7621951219512195 0.3111432706222865 0.7439024390243902 0.3068017366136035 0.7378048780487805 0.2952243125904486 0.7621951219512195 0.28798842257597684 0.7804878048780488 0.2865412445730825 0.8170731707317073 0.28798842257597684
0 0.6646341463414634 0.42981186685962375 0.7073170731707317 0.4370477568740955 0.7073170731707317 0.4442836468885673 0.6707317073170732 0.45296671490593343 0.6036585365853658 0.45296671490593343 0.5853658536585366 0.44862518089725034 0.5792682926829268 0.4442836468885673 0.5792682926829268 0.4370477568740955 0.5914634146341463 0.43270622286541244 0.6158536585365854 0.42981186685962375 0.6585365853658537 0.42981186685962375
0 0.3719512195121951 0.7539797395079595 0.3902439024390244 0.7597684515195369 0.3902439024390244 0.768451519536903 0.3780487804878049 0.7727930535455861 0.3353658536585366 0.7771345875542692 0.32926829268292684 0.7756874095513748 0.3231707317073171 0.7771345875542692 0.3048780487804878 0.7756874095513748 0.2865853658536585 0.7713458755426917 0.2804878048780488 0.768451519536903 0.2804878048780488 0.7597684515195369 0.31097560975609756 0.7510853835021708 0.35365853658536583 0.7510853835021708 0.36585365853658536 0.7539797395079595
0 0.6646341463414634 0.8958031837916064 0.6890243902439024 0.9001447178002895 0.7012195121951219 0.9059334298118669 0.7012195121951219 0.91027496382055 0.6951219512195121 0.914616497829233 0.6524390243902439 0.9218523878437048 0.6219512195121951 0.9204052098408104 0.5914634146341463 0.9160636758321273 0.5792682926829268 0.9073806078147613 0.5914634146341463 0.9015918958031838 0.6158536585365854 0.8958031837916064 0.6341463414634146 0.894356005788712 0.6585365853658537 0.8958031837916064
0 0.6463414634146342 0.17945007235890015 0.6524390243902439 0.1808972503617945 0.676829268292683 0.1808972503617945 0.6951219512195121 0.18523878437047755 0.7012195121951219 0.18958031837916064 0.6951219512195121 0.19681620839363242 0.6585365853658537 0.20260492040520983 0.6341463414634146 0.20260492040520983 0.5975609756097561 0.19536903039073805 0.5975609756097561 0.18668596237337193 0.6219512195121951 0.1808972503617945 0.6402439024390244 0.1808972503617945
0 0.4817073170731707 0.7858176555716353 0.5121951219512195 0.788712011577424 0.5365853658536586 0.7959479015918958 0.5304878048780488 0.8060781476121563 0.5 0.8118668596237337 0.4634146341463415 0.8118668596237337 0.43902439024390244 0.8075253256150506 0.4329268292682927 0.7973950795947902 0.4451219512195122 0.7916063675832128 0.47560975609756095 0.7872648335745297
0 0.524390243902439 0.5036179450072359 0.5487804878048781 0.5094066570188133 0.5487804878048781 0.5195369030390738 0.5121951219512195 0.5267727930535456 0.47560975609756095 0.5267727930535456 0.45121951219512196 0.5238784370477568 0.4329268292682927 0.5180897250361794 0.4329268292682927 0.5108538350217077 0.4695121951219512 0.5021707670043415 0.5121951219512195 0.5021707670043415 0.5182926829268293 0.5036179450072359
0 0.6646341463414634 0.573082489146165 0.6890243902439024 0.5774240231548481 0.7012195121951219 0.5846599131693199 0.7012195121951219 0.5933429811866859 0.6707317073170732 0.5991316931982634 0.6402439024390244 0.5991316931982634 0.5914634146341463 0.5933429811866859 0.5792682926829268 0.5890014471780028 0.5792682926829268 0.5846599131693199 0.6036585365853658 0.5774240231548481 0.6219512195121951 0.5745296671490593 0.6585365853658537 0.573082489146165
0 0.6646341463414634 0.3227206946454414 0.6951219512195121 0.32850940665701883 0.7012195121951219 0.3386396526772793 0.6707317073170732 0.3458755426917511 0.6524390243902439 0.3473227206946454 0.6158536585365854 0.3458755426917511 0.5914634146341463 0.34008683068017365 0.5853658536585366 0.33285094066570187 0.6158536585365854 0.32416787264833574 0.6585365853658537 0.3227206946454414
0 0.6585365853658537 0.4630969609261939 0.676829268292683 0.4645441389290883 0.7012195121951219 0.4703328509406657 0.7012195121951219 0.4804630969609262 0.6890243902439024 0.48480463096960924 0.6585365853658537 0.48914616497829233 0.6158536585365854 0.48914616497829233 0.6036585365853658 0.48480463096960924 0.5975609756097561 0.4804630969609262 0.6036585365853658 0.4703328509406657 0.6219512195121951 0.46599131693198265 0.6524390243902439 0.4645441389290883
0 0.3780487804878049 0.6092619392185239 0.3902439024390244 0.613603473227207 0.3902439024390244 0.6237337192474675 0.3475609756097561 0.6324167872648335 0.32926829268292684 0.6324167872648335 0.3231707317073171 0.6338639652677279 0.29878048780487804 0.6324167872648335 0.2865853658536585 0.6280752532561505 0.2865853658536585 0.6237337192474675 0.2804878048780488 0.622286541244573 0.2865853658536585 0.6150506512301013 0.3231707317073171 0.6078147612156295 0.36585365853658536 0.6078147612156295 0.3719512195121951 0.6092619392185239
0 0.34146341463414637 0.2141823444283647 0.3475609756097561 0.21562952243125905 0.36585365853658536 0.21562952243125905 0.3902439024390244 0.2199710564399421 0.39634146341463417 0.22286541244573083 0.3902439024390244 0.23299565846599132 0.3719512195121951 0.23733719247467439 0.35365853658536583 0.23878437047756873 0.31097560975609756 0.23733719247467439 0.2865853658536585 0.23299565846599132 0.2804878048780488 0.22575976845151954 0.2926829268292683 0.2199710564399421 0.3170731707317073 0.21562952243125905 0.3353658536585366 0.21562952243125905
0 0.29878048780487804 0.39652677279305354 0.32926829268292684 0.3921852387843705 0.3719512195121951 0.3921852387843705 0.3902439024390244 0.39652677279305354 0.3902439024390244 0.402315484804631 0.39634146341463417 0.4037626628075253 0.38414634146341464 0.4109985528219971 0.36585365853658536 0.4153400868306802 0.35365853658536583 0.41678726483357453 0.31097560975609756 0.41678726483357453 0.2804878048780488 0.40955137481910275 0.2865853658536585 0.402315484804631 0.29878048780487804 0.3979739507959479
0 0.676829268292683 0.7178002894356006 0.7012195121951219 0.7250361794500724 0.7012195121951219 0.7337192474674384 0.6829268292682927 0.7380607814761215 0.6646341463414634 0.7395079594790159 0.6219512195121951 0.7395079594790159 0.5975609756097561 0.7366136034732272 0.5853658536585366 0.7337192474674384 0.5853658536585366 0.7250361794500724 0.6158536585365854 0.7178002894356006 0.6341463414634146 0.7163531114327062 0.6646341463414634 0.7163531114327062 0.6707317073170732 0.7178002894356006
0 0.823170731707317 0.6439942112879884 0.8536585365853658 0.6526772793053546 0.8536585365853658 0.6599131693198264 0.8353658536585366 0.6657018813314037 0.8109756097560976 0.6685962373371924 0.7865853658536586 0.6685962373371924 0.7560975609756098 0.6657018813314037 0.7378048780487805 0.6599131693198264 0.7378048780487805 0.6512301013024602 0.7560975609756098 0.6454413892908828 0.7804878048780488 0.6425470332850941 0.8109756097560976 0.6425470332850941 0.8170731707317073 0.6439942112879884
0 0.34146341463414637 0.3704775687409551 0.12195121951219512 0.02604920405209841
0 0.524390243902439 0.25180897250361794 0.5609756097560976 0.2590448625180897 0.5609756097560976 0.2619392185238784 0.5182926829268293 0.2735166425470333 0.5 0.27496382054992763 0.4817073170731707 0.27496382054992763 0.43902439024390244 0.26772793053545585 0.43902439024390244 0.2575976845151954 0.4695121951219512 0.2503617945007236 0.5121951219512195 0.2503617945007236 0.5182926829268293 0.25180897250361794
0 0.35365853658536583 0.5383502170767004 0.4024390243902439 0.5441389290882779 0.4024390243902439 0.552821997105644 0.3719512195121951 0.5615050651230101 0.2926829268292683 0.5615050651230101 0.27439024390243905 0.557163531114327 0.2804878048780488 0.5455861070911722 0.31097560975609756 0.5397973950795948 0.3475609756097561 0.5383502170767004
0 0.3475609756097561 0.678726483357453 0.36585365853658536 0.6801736613603473 0.38414634146341464 0.6845151953690304 0.39634146341463417 0.6917510853835022 0.3902439024390244 0.6975397973950795 0.3475609756097561 0.7047756874095513 0.3231707317073171 0.7047756874095513 0.2865853658536585 0.6989869753979739 0.2804878048780488 0.6903039073806078 0.2926829268292683 0.6845151953690304 0.3170731707317073 0.6801736613603473 0.34146341463414637 0.6801736613603473
0 0.8109756097560976 0.8596237337192475 0.8292682926829268 0.8610709117221418 0.8475609756097561 0.8654124457308249 0.8475609756097561 0.8769898697539797 0.8048780487804879 0.8842257597684515 0.7804878048780488 0.8842257597684515 0.7560975609756098 0.8813314037626628 0.7378048780487805 0.874095513748191 0.7378048780487805 0.8668596237337193 0.75 0.8625180897250362 0.774390243902439 0.8596237337192475 0.8048780487804879 0.8596237337192475
0 0.8292682926829268 0.1085383502170767 0.8597560975609756 0.11866859623733719 0.8597560975609756 0.12590448625180897 0.8353658536585366 0.13024602026049203 0.8048780487804879 0.13024602026049203 0.7987804878048781 0.1316931982633864 0.7682926829268293 0.1316931982633864 0.7439024390243902 0.12590448625180897 0.7378048780487805 0.11722141823444283 0.7682926829268293 0.1085383502170767 0.7926829268292683 0.1085383502170767 0.7987804878048781 0.10709117221418235 0.8170731707317073 0.10709117221418235 0.823170731707317 0.1085383502170767
0 0.7012195121951219 0.1447178002894356 0.7134146341463414 0.14616497829232997 0.7195121951219512 0.15340086830680175 0.676829268292683 0.1649782923299566 0.6524390243902439 0.1678726483357453 0.6158536585365854 0.16642547033285093 0.5975609756097561 0.16208393632416787 0.5975609756097561 0.15050651230101303 0.6219512195121951 0.14327062228654125 0.6890243902439024 0.14327062228654125 0.6951219512195121 0.1447178002894356
0 0.3475609756097561 0.9305354558610709 0.3780487804878049 0.934876989869754 0.3902439024390244 0.9421128798842258 0.38414634146341464 0.9493487698986975 0.3597560975609756 0.9536903039073806 0.3048780487804878 0.9536903039073806 0.27439024390243905 0.9464544138929089 0.27439024390243905 0.9421128798842258 0.2865853658536585 0.934876989869754 0.31097560975609756 0.9305354558610709 0.34146341463414637 0.9305354558610709