0 0.6851851851851852 0.43676470588235294 0.7037037037037037 0.4426470588235294 0.6975308641975309 0.4514705882352941 0.6790123456790124 0.45588235294117646 0.6358024691358025 0.4588235294117647 0.6049382716049383 0.45588235294117646 0.5864197530864198 0.4514705882352941 0.5864197530864198 0.4441176470588235 0.5925925925925926 0.4411764705882353 0.6296296296296297 0.43529411764705883 0.6728395061728395 0.43529411764705883 0.6790123456790124 0.43676470588235294
0 0.6851851851851852 0.6558823529411765 0.6975308641975309 0.6617647058823529 0.691358024691358 0.6691176470588235 0.6790123456790124 0.675 0.6481481481481481 0.6794117647058824 0.6049382716049383 0.6794117647058824 0.5987654320987654 0.6779411764705883 0.5802469135802469 0.6647058823529411 0.5802469135802469 0.6602941176470588 0.6049382716049383 0.6529411764705882 0.6234567901234568 0.6529411764705882 0.6296296296296297 0.6514705882352941 0.6604938271604939 0.6514705882352941 0.6790123456790124 0.6558823529411765
0 0.49382716049382713 0.22720588235294117 0.12345679012345678 0.022058823529411766
0 0.5123456790123457 0.7985294117647059 0.5370370370370371 0.8058823529411765 0.5308641975308642 0.8132352941176471 0.5 0.8205882352941176 0.4691358024691358 0.8235294117647058 0.42592592592592593 0.8205882352941176 0.41358024691358025 0.8176470588235294 0.4074074074074074 0.8102941176470588 0.42592592592592593 0.8029411764705883 0.4567901234567901 0.7970588235294118 0.48148148148148145 0.7955882352941176 0.5061728395061729 0.7985294117647059
0 0.49382716049382713 0.725 0.5 0.7264705882352941 0.5185185185185185 0.7264705882352941 0.5308641975308642 0.7294117647058823 0.5432098765432098 0.7382352941176471 0.5185185185185185 0.7470588235294118 0.4876543209876543 0.75 0.4444444444444444 0.75 0.43209876543209874 0.7485294117647059 0.41358024691358025 0.7426470588235294 0.41358024691358025 0.736764705882353 0.42592592592592593 0.7308823529411764 0.4567901234567901 0.725 0.4876543209876543 0.725
0 0.5061728395061729 0.39705882352941174 0.5370370370370371 0.40294117647058825 0.5370370370370371 0.4176470588235294 0.5123456790123457 0.42058823529411765 0.4691358024691358 0.42058823529411765 0.4444444444444444 0.4176470588235294 0.42592592592592593 0.4102941176470588 0.42592592592592593 0.40588235294117647 0.4444444444444444 0.3985294117647059 0.4567901234567901 0.39705882352941174 0.5 0.39705882352941174
0 0.6666666666666666 0.9073529411764706 0.6851851851851852 0.9117647058823529 0.6975308641975309 0.9205882352941176 0.6790123456790124 0.9294117647058824 0.6604938271604939 0.9323529411764706 0.6296296296296297 0.9323529411764706 0.6172839506172839 0.9308823529411765 0.5864197530864198 0.9220588235294118 0.5864197530864198 0.9147058823529411 0.6111111111111112 0.9073529411764706 0.6234567901234568 0.9058823529411765 0.654320987654321 0.9058823529411765 0.6604938271604939 0.9073529411764706
0 0.8148148148148148 0.36176470588235293 0.8333333333333334 0.36323529411764705 0.8518518518518519 0.36764705882352944 0.8518518518518519 0.375 0.808641975308642 0.38382352941176473 0.7839506172839507 0.38382352941176473 0.7777777777777778 0.38529411764705884 0.7530864197530864 0.38235294117647056 0.7407407407407407 0.3779411764705882 0.7345679012345679 0.375 0.7345679012345679 0.36764705882352944 0.7654320987654321 0.36176470588235293 0.808641975308642 0.36176470588235293
0 0.8024691358024691 0.8029411764705883 0.808641975308642 0.8058823529411765 0.808641975308642 0.8147058823529412 0.8024691358024691 0.8161764705882353 0.7654320987654321 0.8132352941176471 0.7654320987654321 0.8058823529411765 0.7777777777777778 0.8029411764705883 0.7962962962962963 0.8029411764705883
0 0.6481481481481481 0.5919117647058824 0.13580246913580246 0.025
0 0.36419753086419754 0.7617647058823529 0.3765432098765432 0.7676470588235295 0.3765432098765432 0.7764705882352941 0.37037037037037035 0.7794117647058824 0.32098765432098764 0.7852941176470588 0.3148148148148148 0.7838235294117647 0.29012345679012347 0.7838235294117647 0.2716049382716049 0.7794117647058824 0.2654320987654321 0.7764705882352941 0.2716049382716049 0.7661764705882353 0.29012345679012347 0.7617647058823529 0.30864197530864196 0.7602941176470588 0.35185185185185186 0.7602941176470588 0.35802469135802467 0.7617647058823529
0 0.6481481481481481 0.10588235294117647 0.6851851851851852 0.10882352941176471 0.6975308641975309 0.11470588235294117 0.691358024691358 0.12352941176470589 0.6604938271604939 0.13088235294117648 0.6172839506172839 0.12941176470588237 0.5925925925925926 0.12352941176470589 0.5925925925925926 0.11470588235294117 0.5987654320987654 0.11176470588235295 0.6172839506172839 0.10735294117647058 0.6419753086419753 0.10735294117647058
0 0.6666666666666666 0.5088235294117647 0.6975308641975309 0.5147058823529411 0.6975308641975309 0.5220588235294118 0.6851851851851852 0.5264705882352941 0.6604938271604939 0.5294117647058824 0.6234567901234568 0.5294117647058824 0.5987654320987654 0.5264705882352941 0.5802469135802469 0.5191176470588236 0.5802469135802469 0.5147058823529411 0.5987654320987654 0.5102941176470588 0.6358024691358025 0.5073529411764706 0.6604938271604939 0.5088235294117647
0 0.3333333333333333 0.6286764705882353 0.13580246913580246 0.027941176470588237
0 0.35802469135802467 0.2529411764705882 0.38271604938271603 0.26029411764705884 0.38271604938271603 0.2691176470588235 0.35802469135802467 0.275 0.3395061728395062 0.275 0.3333333333333333 0.27647058823529413 0.30246913580246915 0.275 0.2777777777777778 0.2691176470588235 0.2716049382716049 0.26176470588235295 0.29012345679012347 0.25441176470588234 0.3148148148148148 0.2514705882352941 0.35185185185185186 0.2529411764705882
0 0.37037037037037035 0.8676470588235294 0.38271604938271603 0.8691176470588236 0.3950617283950617 0.8735294117647059 0.3950617283950617 0.8838235294117647 0.3765432098765432 0.8911764705882353 0.3395061728395062 0.8955882352941177 0.2962962962962963 0.8955882352941177 0.2777777777777778 0.8926470588235295 0.25308641975308643 0.8867647058823529 0.25308641975308643 0.8808823529411764 0.2716049382716049 0.875 0.30864197530864196 0.8691176470588236 0.32098765432098764 0.8676470588235294 0.36419753086419754 0.8676470588235294
0 0.8148148148148148 0.6882352941176471 0.845679012345679 0.6970588235294117 0.845679012345679 0.7073529411764706 0.8024691358024691 0.7132352941176471 0.7654320987654321 0.7132352941176471 0.7407407407407407 0.7073529411764706 0.7283950617283951 0.6970588235294117 0.7345679012345679 0.6941176470588235 0.7716049382716049 0.6867647058823529 0.8024691358024691 0.6867647058823529 0.808641975308642 0.6882352941176471
0 0.35802469135802467 0.3264705882352941 0.38271604938271603 0.3352941176470588 0.38271604938271603 0.3397058823529412 0.3765432098765432 0.3426470588235294 0.345679012345679 0.34852941176470587 0.30246913580246915 0.34852941176470587 0.29012345679012347 0.34705882352941175 0.2716049382716049 0.3411764705882353 0.2716049382716049 0.33676470588235297 0.30246913580246915 0.3264705882352941 0.3148148148148148 0.325 0.345679012345679 0.325 0.35185185185185186 0.3264705882352941
0 0.5123456790123457 0.17941176470588235 0.5370370370370371 0.18529411764705883 0.5370370370370371 0.19264705882352942 0.5185185185185185 0.19705882352941176 0.5123456790123457 0.20147058823529412 0.46296296296296297 0.20147058823529412 0.4506172839506173 0.2 0.43209876543209874 0.19411764705882353 0.43209876543209874 0.18676470588235294 0.4506172839506173 0.18088235294117647 0.46296296296296297 0.17941176470588235 0.5061728395061729 0.17941176470588235
0 0.5370370370370371 0.5455882352941176 0.5432098765432098 0.5485294117647059 0.5432098765432098 0.5558823529411765 0.5370370370370371 0.5588235294117647 0.5246913580246914 0.5632352941176471 0.4876543209876543 0.5676470588235294 0.46296296296296297 0.5661764705882353 0.4382716049382716 0.5602941176470588 0.43209876543209874 0.5558823529411765 0.4382716049382716 0.5485294117647059 0.46296296296296297 0.5426470588235294 0.48148148148148145 0.5411764705882353 0.5185185185185185 0.5426470588235294 0.5308641975308642 0.5455882352941176
0 0.35185185185185186 0.47205882352941175 0.3765432098765432 0.47794117647058826 0.38271604938271603 0.4838235294117647 0.3765432098765432 0.48823529411764705 0.3395061728395062 0.49411764705882355 0.2962962962962963 0.49264705882352944 0.2716049382716049 0.48676470588235293 0.2654320987654321 0.47941176470588237 0.2777777777777778 0.47352941176470587 0.30246913580246915 0.46911764705882353 0.32098765432098764 0.46911764705882353 0.345679012345679 0.47205882352941175
0 0.35185185185185186 0.1426470588235294 0.38271604938271603 0.14705882352941177 0.3765432098765432 0.1588235294117647 0.345679012345679 0.16323529411764706 0.3395061728395062 0.1661764705882353 0.32098765432098764 0.1661764705882353 0.3148148148148148 0.1676470588235294 0.30246913580246915 0.1676470588235294 0.2839506172839506 0.16470588235294117 0.2716049382716049 0.1588235294117647 0.2716049382716049 0.15 0.2777777777777778 0.14705882352941177 0.30246913580246915 0.1426470588235294 0.345679012345679 0.1426470588235294
0 0.5 0.9426470588235294 0.5370370370370371 0.95 0.5370370370370371 0.9588235294117647 0.49382716049382713 0.9661764705882353 0.46296296296296297 0.9661764705882353 0.4506172839506173 0.9647058823529412 0.43209876543209874 0.9602941176470589 0.42592592592592593 0.9558823529411765 0.42592592592592593 0.9514705882352941 0.4506172839506173 0.9441176470588235 0.46296296296296297 0.9426470588235294 0.49382716049382713 0.9426470588235294
0 0.8209876543209876 0.8352941176470589 0.845679012345679 0.8397058823529412 0.8518518518518519 0.8485294117647059 0.808641975308642 0.8588235294117647 0.7592592592592593 0.8588235294117647 0.7407407407407407 0.8529411764705882 0.7345679012345679 0.8426470588235294 0.7592592592592593 0.8352941176470589 0.7777777777777778 0.8338235294117647 0.808641975308642 0.8338235294117647 0.8148148148148148 0.8352941176470589
0 0.8271604938271605 0.06911764705882353 0.8395061728395061 0.07205882352941176 0.8518518518518519 0.07941176470588235 0.845679012345679 0.08823529411764706 0.8271604938271605 0.09117647058823529 0.7716049382716049 0.08970588235294118 0.7469135802469136 0.08235294117647059 0.7469135802469136 0.07647058823529412 0.7654320987654321 0.07058823529411765 0.7777777777777778 0.06911764705882353 0.8209876543209876 0.06911764705882353
0 0.8271604938271605 0.2867647058823529 0.8580246913580247 0.2926470588235294 0.8580246913580247 0.29558823529411765 0.8395061728395061 0.3088235294117647 0.8148148148148148 0.31323529411764706 0.7962962962962963 0.31323529411764706 0.7777777777777778 0.31029411764705883 0.7654320987654321 0.31029411764705883 0.7345679012345679 0.3029411764705882 0.7345679012345679 0.2985294117647059 0.7654320987654321 0.2897058823529412 0.7901234567901234 0.2867647058823529 0.8209876543209876 0.2867647058823529