0 0.4074074074074074 0.9176136363636364 0.42592592592592593 0.9247159090909091 0.41975308641975306 0.9360795454545454 0.4012345679012346 0.9417613636363636 0.37037037037037035 0.9446022727272727 0.3148148148148148 0.9431818181818182 0.2962962962962963 0.9360795454545454 0.2962962962962963 0.9261363636363636 0.3271604938271605 0.9176136363636364 0.345679012345679 0.9176136363636364 0.37037037037037035 0.9147727272727273 0.4012345679012346 0.9176136363636364
0 0.7160493827160493 0.21875 0.7407407407407407 0.22585227272727273 0.7407407407407407 0.234375 0.7222222222222222 0.23863636363636365 0.6790123456790124 0.24289772727272727 0.6481481481481481 0.24289772727272727 0.6172839506172839 0.2372159090909091 0.6172839506172839 0.22727272727272727 0.6234567901234568 0.22301136363636365 0.6481481481481481 0.21875 0.6666666666666666 0.21875 0.6728395061728395 0.21732954545454544 0.7037037037037037 0.21732954545454544 0.7098765432098766 0.21875
0 0.4074074074074074 0.8522727272727273 0.42592592592592593 0.859375 0.42592592592592593 0.8650568181818182 0.4012345679012346 0.8721590909090909 0.3765432098765432 0.875 0.3271604938271605 0.875 0.3148148148148148 0.8735795454545454 0.2962962962962963 0.8693181818181818 0.2839506172839506 0.8622159090909091 0.29012345679012347 0.8579545454545454 0.3271604938271605 0.8508522727272727 0.3888888888888889 0.8494318181818182 0.4012345679012346 0.8522727272727273
0 0.7160493827160493 0.7443181818181818 0.7345679012345679 0.75 0.7407407407407407 0.7571022727272727 0.7222222222222222 0.7642045454545454 0.6790123456790124 0.7684659090909091 0.6728395061728395 0.7670454545454546 0.6604938271604939 0.7684659090909091 0.6296296296296297 0.765625 0.6172839506172839 0.7613636363636364 0.6172839506172839 0.7542613636363636 0.6481481481481481 0.7457386363636364 0.7098765432098766 0.7443181818181818
0 0.5493827160493827 0.5681818181818182 0.5679012345679012 0.5696022727272727 0.5864197530864198 0.5738636363636364 0.5925925925925926 0.5838068181818182 0.5679012345679012 0.5909090909090909 0.5308641975308642 0.5951704545454546 0.47530864197530864 0.5909090909090909 0.46296296296296297 0.5852272727272727 0.46296296296296297 0.5767045454545454 0.49382716049382713 0.5696022727272727 0.5308641975308642 0.5696022727272727 0.5432098765432098 0.5681818181818182
0 0.5246913580246914 0.3210227272727273 0.5555555555555556 0.32386363636363635 0.5740740740740741 0.328125 0.5740740740740741 0.33948863636363635 0.5679012345679012 0.34232954545454547 0.5555555555555556 0.34517045454545453 0.5246913580246914 0.34801136363636365 0.5 0.34801136363636365 0.47530864197530864 0.34517045454545453 0.4506172839506173 0.3380681818181818 0.4567901234567901 0.32954545454545453 0.48148148148148145 0.32386363636363635 0.5185185185185185 0.3210227272727273
0 0.6975308641975309 0.8849431818181818 0.7037037037037037 0.8863636363636364 0.7222222222222222 0.8863636363636364 0.7407407407407407 0.890625 0.7407407407407407 0.8991477272727273 0.7037037037037037 0.9076704545454546 0.654320987654321 0.9076704545454546 0.6296296296296297 0.9048295454545454 0.6172839506172839 0.8991477272727273 0.6234567901234568 0.8920454545454546 0.6358024691358025 0.8877840909090909 0.6604938271604939 0.8849431818181818 0.691358024691358 0.8849431818181818
0 0.8580246913580247 0.39204545454545453 0.8888888888888888 0.3963068181818182 0.9012345679012346 0.40198863636363635 0.9012345679012346 0.41051136363636365 0.8888888888888888 0.4161931818181818 0.845679012345679 0.42045454545454547 0.8148148148148148 0.42045454545454547 0.7839506172839507 0.4147727272727273 0.7777777777777778 0.4119318181818182 0.7777777777777778 0.4005681818181818 0.808641975308642 0.39204545454545453 0.8518518518518519 0.39204545454545453
0 0.4691358024691358 0.5184659090909091 0.4567901234567901 0.5113636363636364 0.46296296296296297 0.5042613636363636 0.47530864197530864 0.5 0.5123456790123457 0.4971590909090909 0.5740740740740741 0.49857954545454547 0.5925925925925926 0.5042613636363636 0.5925925925925926 0.515625 0.5740740740740741 0.5198863636363636 0.5308641975308642 0.5241477272727273 0.5246913580246914 0.5227272727272727 0.5185185185185185 0.5241477272727273 0.5 0.5227272727272727 0.47530864197530864 0.5184659090909091
0 0.6820987654320988 0.4765625 0.1419753086419753 0.032670454545454544
0 0.4012345679012346 0.6008522727272727 0.42592592592592593 0.6079545454545454 0.42592592592592593 0.6150568181818182 0.41358024691358025 0.6221590909090909 0.38271604938271603 0.6278409090909091 0.32098765432098764 0.6278409090909091 0.30864197530864196 0.6264204545454546 0.30246913580246915 0.6235795454545454 0.30246913580246915 0.6107954545454546 0.3148148148148148 0.6051136363636364 0.35185185185185186 0.6008522727272727 0.3950617283950617 0.6008522727272727
0 0.38271604938271603 0.6377840909090909 0.41358024691358025 0.6420454545454546 0.41975308641975306 0.6448863636363636 0.41975308641975306 0.6534090909090909 0.3888888888888889 0.6605113636363636 0.345679012345679 0.6633522727272727 0.3395061728395062 0.6619318181818182 0.3148148148148148 0.6619318181818182 0.29012345679012347 0.65625 0.2839506172839506 0.6534090909090909 0.29012345679012347 0.6519886363636364 0.29012345679012347 0.6477272727272727 0.32098765432098764 0.6392045454545454 0.3333333333333333 0.6377840909090909 0.3765432098765432 0.6377840909090909
0 0.3950617283950617 0.4289772727272727 0.41358024691358025 0.43323863636363635 0.41975308641975306 0.44176136363636365 0.3888888888888889 0.4502840909090909 0.345679012345679 0.45454545454545453 0.3395061728395062 0.453125 0.32098765432098764 0.453125 0.2839506172839506 0.4474431818181818 0.2777777777777778 0.4431818181818182 0.2839506172839506 0.43607954545454547 0.3148148148148148 0.4289772727272727 0.3333333333333333 0.4289772727272727 0.3395061728395062 0.4275568181818182 0.38271604938271603 0.4275568181818182 0.3888888888888889 0.4289772727272727
0 0.5493827160493827 0.11221590909090909 0.5679012345679012 0.11363636363636363 0.5864197530864198 0.11931818181818182 0.5864197530864198 0.13068181818181818 0.5493827160493827 0.1377840909090909 0.5061728395061729 0.1377840909090909 0.49382716049382713 0.13636363636363635 0.4691358024691358 0.13068181818181818 0.46296296296296297 0.12642045454545456 0.48148148148148145 0.11647727272727272 0.5246913580246914 0.11221590909090909 0.5432098765432098 0.11221590909090909
0 0.38271604938271603 0.17897727272727273 0.41358024691358025 0.18607954545454544 0.41975308641975306 0.19744318181818182 0.3765432098765432 0.20738636363636365 0.3271604938271605 0.20738636363636365 0.30864197530864196 0.2059659090909091 0.29012345679012347 0.2002840909090909 0.29012345679012347 0.1875 0.32098765432098764 0.18181818181818182 0.3765432098765432 0.17897727272727273
0 0.5617283950617284 0.7784090909090909 0.5802469135802469 0.7840909090909091 0.5802469135802469 0.7926136363636364 0.5493827160493827 0.8011363636363636 0.5246913580246914 0.8011363636363636 0.5185185185185185 0.8025568181818182 0.49382716049382713 0.8025568181818182 0.4691358024691358 0.7997159090909091 0.4506172839506173 0.7940340909090909 0.4506172839506173 0.7897727272727273 0.46296296296296297 0.7840909090909091 0.5 0.7784090909090909 0.5555555555555556 0.7784090909090909
0 0.8333333333333334 0.6853693181818182 0.12345679012345678 0.026988636363636364
0 0.8703703703703703 0.7088068181818182 0.8950617283950617 0.7159090909090909 0.8950617283950617 0.7230113636363636 0.845679012345679 0.734375 0.808641975308642 0.734375 0.7901234567901234 0.7315340909090909 0.7716049382716049 0.7258522727272727 0.7716049382716049 0.7173295454545454 0.8148148148148148 0.7073863636363636 0.8641975308641975 0.7088068181818182
0 0.7037037037037037 0.8139204545454546 0.7407407407407407 0.8196022727272727 0.7469135802469136 0.828125 0.7283950617283951 0.8352272727272727 0.691358024691358 0.8394886363636364 0.654320987654321 0.8394886363636364 0.6296296296296297 0.8366477272727273 0.6172839506172839 0.8323863636363636 0.6172839506172839 0.8238636363636364 0.6481481481481481 0.8153409090909091 0.6975308641975309 0.8139204545454546
0 0.5555555555555556 0.25426136363636365 0.5802469135802469 0.2599431818181818 0.5802469135802469 0.26704545454545453 0.5617283950617284 0.2741477272727273 0.5123456790123457 0.2784090909090909 0.49382716049382713 0.2784090909090909 0.46296296296296297 0.2741477272727273 0.4506172839506173 0.2684659090909091 0.4506172839506173 0.26136363636363635 0.46296296296296297 0.2556818181818182 0.4876543209876543 0.2528409090909091 0.5432098765432098 0.2528409090909091 0.5493827160493827 0.25426136363636365
0 0.5493827160493827 0.5326704545454546 0.5679012345679012 0.5355113636363636 0.5802469135802469 0.5426136363636364 0.5802469135802469 0.546875 0.5679012345679012 0.5525568181818182 0.5185185185185185 0.5596590909090909 0.47530864197530864 0.5596590909090909 0.46296296296296297 0.5582386363636364 0.4444444444444444 0.5525568181818182 0.4444444444444444 0.5482954545454546 0.46296296296296297 0.5383522727272727 0.5 0.5340909090909091 0.5432098765432098 0.5326704545454546
0 0.5493827160493827 0.35795454545454547 0.5679012345679012 0.359375 0.5802469135802469 0.3650568181818182 0.5802469135802469 0.37357954545454547 0.5555555555555556 0.37926136363636365 0.5185185185185185 0.3835227272727273 0.4876543209876543 0.3835227272727273 0.46296296296296297 0.3806818181818182 0.4506172839506173 0.37642045454545453 0.4506172839506173 0.3678977272727273 0.4876543209876543 0.35795454545454547 0.5061728395061729 0.3565340909090909 0.5370370370370371 0.3565340909090909 0.5432098765432098 0.35795454545454547
0 0.8641975308641975 0.07670454545454546 0.9012345679012346 0.08238636363636363 0.9012345679012346 0.09090909090909091 0.8765432098765432 0.09943181818181818 0.8271604938271605 0.10369318181818182 0.7839506172839507 0.10085227272727272 0.7654320987654321 0.09659090909090909 0.7592592592592593 0.08806818181818182 0.7777777777777778 0.08096590909090909 0.8148148148148148 0.07670454545454546 0.8580246913580247 0.07670454545454546
0 0.5308641975308642 0.2869318181818182 0.5370370370370371 0.2883522727272727 0.5617283950617284 0.2883522727272727 0.5802469135802469 0.2911931818181818 0.5925925925925926 0.29829545454545453 0.5864197530864198 0.3068181818181818 0.5617283950617284 0.3125 0.5432098765432098 0.31392045454545453 0.5061728395061729 0.31392045454545453 0.4691358024691358 0.3096590909090909 0.4567901234567901 0.3039772727272727 0.46296296296296297 0.29545454545454547 0.49382716049382713 0.2883522727272727 0.5246913580246914 0.2883522727272727
0 0.691358024691358 0.14630681818181818 0.7222222222222222 0.14914772727272727 0.7345679012345679 0.15198863636363635 0.7407407407407407 0.15482954545454544 0.7407407407407407 0.16477272727272727 0.7283950617283951 0.1690340909090909 0.6790123456790124 0.1747159090909091 0.6419753086419753 0.171875 0.6172839506172839 0.16619318181818182 0.6172839506172839 0.15767045454545456 0.6419753086419753 0.14914772727272727 0.6851851851851852 0.14630681818181818