0 0.9071428571428571 0.2868965517241379 0.9357142857142857 0.29379310344827586 0.9357142857142857 0.30344827586206896 0.9071428571428571 0.30896551724137933 0.8714285714285714 0.3117241379310345 0.8428571428571429 0.3117241379310345 0.8142857142857143 0.30758620689655175 0.8071428571428572 0.30482758620689654 0.8071428571428572 0.296551724137931 0.8285714285714286 0.2896551724137931 0.8642857142857143 0.2868965517241379 0.9 0.2868965517241379
0 0.5357142857142857 0.863448275862069 0.5714285714285714 0.8689655172413793 0.5857142857142857 0.8758620689655172 0.5642857142857143 0.8855172413793103 0.5357142857142857 0.8896551724137931 0.4785714285714286 0.8896551724137931 0.4642857142857143 0.8882758620689655 0.42857142857142855 0.8786206896551724 0.4357142857142857 0.8689655172413793 0.4785714285714286 0.863448275862069 0.5285714285714286 0.863448275862069
0 0.7071428571428572 0.5917241379310345 0.7428571428571429 0.5944827586206897 0.7571428571428571 0.5986206896551725 0.7642857142857142 0.6013793103448276 0.7642857142857142 0.6096551724137931 0.7142857142857143 0.616551724137931 0.65 0.616551724137931 0.6214285714285714 0.6124137931034482 0.6214285714285714 0.6041379310344828 0.6357142857142857 0.5986206896551725 0.6714285714285714 0.593103448275862 0.7 0.593103448275862
0 0.5285714285714286 0.18344827586206897 0.5714285714285714 0.18758620689655173 0.5857142857142857 0.19310344827586207 0.5785714285714286 0.2013793103448276 0.5571428571428572 0.20689655172413793 0.5357142857142857 0.2082758620689655 0.4857142857142857 0.2082758620689655 0.4714285714285714 0.20689655172413793 0.44285714285714284 0.1986206896551724 0.45714285714285713 0.1889655172413793 0.4857142857142857 0.18344827586206897 0.5214285714285715 0.18344827586206897
0 0.5428571428571428 0.21793103448275863 0.5785714285714286 0.22344827586206897 0.5857142857142857 0.23448275862068965 0.5714285714285714 0.2386206896551724 0.5285714285714286 0.24275862068965517 0.4785714285714286 0.2413793103448276 0.45714285714285713 0.23724137931034484 0.45 0.22758620689655173 0.45714285714285713 0.22344827586206897 0.4785714285714286 0.2193103448275862 0.5357142857142857 0.21793103448275863
0 0.75 0.8979310344827586 0.7714285714285715 0.903448275862069 0.7785714285714286 0.9144827586206896 0.7428571428571429 0.9213793103448276 0.7285714285714285 0.9213793103448276 0.7071428571428572 0.9241379310344827 0.65 0.9241379310344827 0.6357142857142857 0.9227586206896552 0.6214285714285714 0.92 0.6142857142857143 0.9144827586206896 0.6214285714285714 0.9075862068965517 0.6428571428571429 0.9020689655172414 0.6857142857142857 0.896551724137931 0.7357142857142858 0.896551724137931 0.7428571428571429 0.8979310344827586
0 0.37142857142857144 0.11586206896551725 0.4 0.11862068965517242 0.4142857142857143 0.12275862068965518 0.4142857142857143 0.13379310344827586 0.36428571428571427 0.1406896551724138 0.3 0.1406896551724138 0.2785714285714286 0.13655172413793104 0.2642857142857143 0.1296551724137931 0.2642857142857143 0.12551724137931033 0.29285714285714287 0.11724137931034483 0.32142857142857145 0.11448275862068966 0.35714285714285715 0.11448275862068966 0.36428571428571427 0.11586206896551725
0 0.5071428571428571 0.4896551724137931 0.5714285714285714 0.49517241379310345 0.5785714285714286 0.4979310344827586 0.5785714285714286 0.5075862068965518 0.5714285714285714 0.5103448275862069 0.55 0.5144827586206897 0.5357142857142857 0.5144827586206897 0.5142857142857142 0.5172413793103449 0.45714285714285713 0.5158620689655172 0.4357142857142857 0.5117241379310344 0.42142857142857143 0.5048275862068966 0.42857142857142855 0.4993103448275862 0.45 0.49379310344827587 0.5 0.4910344827586207
0 0.5214285714285715 0.6593103448275862 0.5714285714285714 0.6662068965517242 0.5785714285714286 0.6689655172413793 0.5785714285714286 0.6772413793103448 0.5571428571428572 0.6827586206896552 0.5142857142857142 0.6868965517241379 0.4785714285714286 0.6868965517241379 0.45714285714285713 0.6841379310344827 0.44285714285714284 0.6786206896551724 0.44285714285714284 0.6689655172413793 0.45714285714285713 0.663448275862069 0.4928571428571429 0.6593103448275862 0.5142857142857142 0.6593103448275862
0 0.7 0.3213793103448276 0.75 0.3255172413793103 0.7642857142857142 0.33241379310344826 0.75 0.34206896551724136 0.7214285714285714 0.34620689655172415 0.6642857142857143 0.34620689655172415 0.6357142857142857 0.34206896551724136 0.6214285714285714 0.33655172413793105 0.6214285714285714 0.32827586206896553 0.65 0.32275862068965516 0.6928571428571428 0.3213793103448276
0 0.8785714285714286 0.26620689655172414 0.15714285714285714 0.027586206896551724
0 0.4 0.15172413793103448 0.42142857142857143 0.15586206896551724 0.42857142857142855 0.16137931034482758 0.42142857142857143 0.16689655172413792 0.39285714285714285 0.1724137931034483 0.36428571428571427 0.17517241379310344 0.29285714285714287 0.17517241379310344 0.2857142857142857 0.17379310344827587 0.2714285714285714 0.16827586206896553 0.2785714285714286 0.15724137931034482 0.30714285714285716 0.15172413793103448 0.34285714285714286 0.15172413793103448 0.35 0.1503448275862069 0.39285714285714285 0.15172413793103448
0 0.34285714285714286 0.573103448275862 0.14285714285714285 0.02620689655172414
0 0.37142857142857144 0.3917241379310345 0.4 0.39586206896551723 0.40714285714285714 0.40413793103448276 0.38571428571428573 0.4110344827586207 0.35 0.41379310344827586 0.2857142857142857 0.4124137931034483 0.2642857142857143 0.4068965517241379 0.2642857142857143 0.3972413793103448 0.2785714285714286 0.3931034482758621 0.30714285714285716 0.3903448275862069 0.36428571428571427 0.3917241379310345
0 0.34285714285714286 0.7627586206896552 0.37857142857142856 0.7655172413793103 0.39285714285714285 0.7682758620689655 0.40714285714285714 0.7751724137931034 0.4 0.783448275862069 0.35 0.7903448275862069 0.3 0.7903448275862069 0.2642857142857143 0.7820689655172414 0.2642857142857143 0.7724137931034483 0.2714285714285714 0.7696551724137931 0.3 0.7641379310344828 0.3357142857142857 0.7627586206896552
0 0.5428571428571428 0.7958620689655173 0.5714285714285714 0.8 0.5785714285714286 0.8082758620689655 0.5642857142857143 0.8151724137931035 0.5142857142857142 0.8220689655172414 0.4642857142857143 0.8220689655172414 0.45 0.8206896551724138 0.42857142857142855 0.8151724137931035 0.42857142857142855 0.8082758620689655 0.45714285714285713 0.8 0.5 0.7958620689655173 0.5357142857142857 0.7958620689655173
0 0.5357142857142857 0.7310344827586207 0.5571428571428572 0.7324137931034482 0.5785714285714286 0.736551724137931 0.5857142857142857 0.743448275862069 0.5785714285714286 0.7475862068965518 0.55 0.7531034482758621 0.5285714285714286 0.7544827586206897 0.4857142857142857 0.7544827586206897 0.4714285714285714 0.7531034482758621 0.45 0.7462068965517241 0.4642857142857143 0.7351724137931035 0.4928571428571429 0.7310344827586207 0.5285714285714286 0.7310344827586207
0 0.40714285714285714 0.35724137931034483 0.42142857142857143 0.36 0.42142857142857143 0.3682758620689655 0.39285714285714285 0.37655172413793103 0.35 0.38068965517241377 0.3142857142857143 0.38068965517241377 0.29285714285714287 0.3779310344827586 0.2785714285714286 0.3724137931034483 0.2857142857142857 0.36137931034482756 0.3 0.35724137931034483 0.3357142857142857 0.3544827586206897 0.37142857142857144 0.3544827586206897 0.4 0.35724137931034483
0 0.8928571428571429 0.5241379310344828 0.9142857142857143 0.5255172413793103 0.9357142857142857 0.5310344827586206 0.9357142857142857 0.5406896551724137 0.9142857142857143 0.5462068965517242 0.8571428571428571 0.5503448275862068 0.8214285714285714 0.5503448275862068 0.8071428571428572 0.5475862068965517 0.8 0.5448275862068965 0.8 0.5324137931034483 0.8214285714285714 0.526896551724138 0.85 0.5241379310344828 0.8857142857142857 0.5241379310344828
0 0.8928571428571429 0.8317241379310345 0.9285714285714286 0.8386206896551724 0.9357142857142857 0.8455172413793104 0.9 0.8537931034482759 0.85 0.856551724137931 0.8071428571428572 0.8537931034482759 0.7857142857142857 0.8496551724137931 0.7785714285714286 0.8427586206896551 0.8 0.8358620689655173 0.85 0.8317241379310345 0.8857142857142857 0.8317241379310345
0 0.5428571428571428 0.4579310344827586 0.5785714285714286 0.46206896551724136 0.5857142857142857 0.46482758620689657 0.5857142857142857 0.4731034482758621 0.5357142857142857 0.48 0.4857142857142857 0.48 0.45714285714285713 0.4772413793103448 0.44285714285714284 0.47172413793103446 0.44285714285714284 0.46482758620689657 0.4642857142857143 0.4593103448275862 0.5071428571428571 0.45655172413793105 0.5357142857142857 0.4579310344827586
0 0.7571428571428571 0.696551724137931 0.7714285714285715 0.7006896551724138 0.7714285714285715 0.7103448275862069 0.7642857142857142 0.713103448275862 0.7428571428571429 0.7172413793103448 0.6857142857142857 0.7213793103448276 0.65 0.72 0.6357142857142857 0.7172413793103448 0.6285714285714286 0.7144827586206897 0.6285714285714286 0.7034482758620689 0.6785714285714286 0.6951724137931035 0.7428571428571429 0.6951724137931035 0.75 0.696551724137931
0 0.9071428571428571 0.08413793103448276 0.9357142857142857 0.0896551724137931 0.9428571428571428 0.09793103448275862 0.9142857142857143 0.10482758620689656 0.8857142857142857 0.10758620689655173 0.85 0.10758620689655173 0.8142857142857143 0.10206896551724139 0.8071428571428572 0.0993103448275862 0.8071428571428572 0.0910344827586207 0.8357142857142857 0.08413793103448276 0.8571428571428571 0.08275862068965517 0.8928571428571429 0.08275862068965517 0.9 0.08413793103448276
0 0.5214285714285715 0.42344827586206896 0.5571428571428572 0.4262068965517241 0.5785714285714286 0.4303448275862069 0.5714285714285714 0.44275862068965516 0.5428571428571428 0.44689655172413795 0.45714285714285713 0.44689655172413795 0.4357142857142857 0.4413793103448276 0.4357142857142857 0.4303448275862069 0.4785714285714286 0.42344827586206896 0.5142857142857142 0.42344827586206896
0 0.5357142857142857 0.6524137931034483 0.5285714285714286 0.6510344827586206 0.5214285714285715 0.6524137931034483 0.4928571428571429 0.6524137931034483 0.4642857142857143 0.6496551724137931 0.44285714285714284 0.6413793103448275 0.45 0.6331034482758621 0.4928571428571429 0.6262068965517241 0.5642857142857143 0.6275862068965518 0.5928571428571429 0.6344827586206897 0.5928571428571429 0.6427586206896552 0.5714285714285714 0.6482758620689655 0.5428571428571428 0.6510344827586206